1,12258,1658177593 12258 5 0x8F
6,12258,1658177598 12258 5 0x8F
23,12258,1658177615 12258 5 0x8F
39,12198,1658177631 12198 5 0x8F
56,12180,1658177648 12180 5  x8F
72,12180,1658177664 12180 5 0x8F
89,12162,1658177681 12162 5 0x8F
106,12198,1658177698 12198 5 0x8F
122,12180,1658177714 12180 5 0x8F
139,12162,1658177731 12162 5 0x8F
155,12180,1658177747 12180 5 0x8F
172,12180,1658177764 12180 5 0x8F
188,12180,1658177780 12180 5 0x8F
205,12180,1658177797 12180 5 0x8F
221,12180,1658177813 12180 5 0x8F
238,12180,1658177830 12180 5 0x8F
254,12162,1658177846 12162 5 0x8F
271,12180,1658177863 12180 5 0x8F
288,12180,1658177880 12180 5 0x8F
304,12138,1658177896 12138 5 0x8F
321,12162,1658177913 12162 5 0x8F
337,12162,1658177929 12162 5 0x8F
354,12162,1658177946 12162 5 0x8F
370,12162,1658177962 12162 5 0x8F
387,12162,1658177979 12162 5 0x8F
403,12180,1658177995 12180 5 0x8F
420,12162,1658178012 12162 5 0x8F
436,12162,1658178028 12162 5 0x8F
453,12162,1658178045 12162 5 0x8F
469,12162,1658178061 12162 5 0x8F
486,12180,1658178078 12180 5 0x8F
502,12180,1658178094 12180 5 0x8F
519,12162,1658178111 12162 5 0x8F
536,12162,1658178128 12162 5 0x8F
552,12162,1658178144 12162 5 0x8F
569,12162,1658178161 12162 5 0x8F
585,12162,1658178177 12162 5 0x8F
602,12162,1658178194 12162 5 0x8F
618,12138,1658178210 12138 5 0x8F
635,12138,1658178227 12138 5 0x8F
651,12162,1658178243 12162 5 0x8F
668,12162,1658178260 12162 5 0x8F
684,12162,1658178276 12162 5 0x8F
701,12162,1658178293 12162 5 0x8F
717,12162,1658178309 12162 5 0x8F
734,12162,1658178326 12162 5 0x8F
750,12162,1658178342 12162 5 0x8F
767,12162,1658178359 12162 5 0x8F
783,12162,1658178375 12162 5 0x8F
800,12162,1658178392 12162 5 0x8F
817,12162,1658178409 12162 5 0x8F
833,12162,1658178425 12162 5 0x8F
850,12162,1658178442 12162 5 0x8F
866,12162,1658178458 12162 5 0x8F
883,12162,1658178475 12162 5 0x8F
899,12138,1658178491 12138 5 0x8F
916,12138,1658178508 12138 5 0x8F
932,12138,1658178524 12138 5 0x8F
949,12138,1658178541 12138 5 0x8F
965,12120,1658178557 12120 5 0x8F
982,12162,1658178574 12162 5 0x8F
998,12138,1658178590 12138 5 0x8F
1015,12162,1658178607 12162 5 0x8F
1031,12162,1658178623 12162 5 0x8F
1048,12138,1658178640 12138 5 0x8F
1065,12138,1658178657 12138 5 0x8F
1081,12138,1658178673 12138 5 0x8F
1098,12162,1658178690 12162 5 0x8F
1114,12138,1658178706 12138 5 0x8F
1131,12138,1658178723 12138 5 0x8F
1147,12120,1658178739 12120 5 0x8F
1164,12120,1658178756 12120 5 0x8F
1180,12138,1658178772 12138 5 0x8F
1197,12138,1658178789 12138 5 0x8F
1213,12138,1658178805 12138 5 0x8F
1230,12120,1658178822 12120 5 0x8F
1246,12138,1658178838 12138 5 0x8F
1263,12138,1658178855 12138 5 0x8F
1279,12138,1658178871 12138 5 0x8F
1296,12120,1658178888 12120 5 0x8F
1312,12138,1658178904 12138 5 0x8F
1329,12138,1658178921 12138 5 0x8F
1346,12120,1658178938 12120 5 0x8F
1362,12120,1658178954 12120 5 0x8F
1379,12138,1658178971 12138 5 0x8F
1395,12120,1658178987 12120 5 0x8F
1412,12138,1658179004 12138 5 0x8F
1428,12138,1658179020 12138 5 0x8F
1445,12120,1658179037 12120 5 0x8F
1461,12120,1658179053 12120 5 0x8F
1478,12120,1658179070 12120 5 0x8F
1494,12120,1658179086 12120 5 0x8F
1511,12120,1658179103 12120 5 0x8F
1527,12102,1658179119 12102 5 0x8F
1544,12120,1658179136 12120 5 0x8F
1560,12120,1658179152 12120 5 0x8F
1577,12120,1658179169 12120 5 0x8F
1594,12120,1658179186 12120 5 0x8F
1610,12120,1658179202 12120 5 0x8F
1627,12120,1658179219 12120 5 0x8F
1643,12120,1658179235 12120 5 0x8F
1660,12120,1658179252 12120 5 0x8F
1676,12120,1658179268 12120 5 0x8F
1693,12120,1658179285 12120 5 0x8F
1709,12120,1658179301 12120 5 0x8F
1726,12120,1658179318 12120 5 0x8F
1742,12120,1658179334 12120 5 0x8F
1759,12102,1658179351 12102 5 0x8F
1775,12102,1658179367 12102 5 0x8F
1792,12102,1658179384 12102 5 0x8F
1808,12120,1658179400 12120 5 0x8F
1825,12120,1658179417 12120 5 0x8F
1841,12120,1658179433 12120 5 0x8F
1858,12102,1658179450 12102 5 0x8F
1891,12120,1658179483 12120 5 0x8F
1908,12120,1658179500 12120 5 0x8F
1941,12120,1658179533 12120 5 0x8F   1210  5 0x8F
1957,12120,1658179549 12120 5 0x8F
1974,12102,1658179566 12102 5 0x8F
1990,12120,1658179582 12120 5 0x8F
2007,12102,1658179599 12102 5 0x8F
2023,12120,1658179615 12120 5 0x8F
2040,12120,1658179632 12120 5 0x8F
2056,12102,1658179648 12102 5 0x8F
2073,12102,1658179665 12102 5 0x8F
2089,12102,1658179681 12102 5 0x8F
2106,12102,1658179698 12102 5 0x8F
2123,12084,1658179715 12084 5 0x8F
2139,12102,1658179731 12102 5 0x8F
2156,12102,1658179748 12102 5 0x8F
2172,12102,1658179764 12102 5 0x8F
2189,12084,1658179781 12084 5 0x8F
2205,12102,1658179797 12102 5 0x8F
2238,12102,1658179830 12102 5 0x8F   12084 5 0x8F
2255,12102,1658179847 12102 5 0x8F
2271,12102,1658179863 12102 5 0x8F
2288,12084,1658179880 12084 5 0x8F
2304,12102,1658179896 12102 5 0x8F
2321,12102,1658179913 12102 5 0x F
2338,12084,1658179930 12084 5 0x8F
2354,12084,1658179946 12084 5 0x8F
2371,12102,1658179963 12102 5 0x8F
2404,12102,1658179996 12102 5 0x8F
2420,12084,1658180012 12084 5 0x8F
2437,12102,1658180029 12102 5 0x8F
2453,12084,1658180045 12084 5 0x8F
2470,12084,1658180062 12084 5 0x8F
2486,12084,1658180078 12084 5 0x8F
2503,12084,1658180095 12084 5 0x8F
2519,12084,1658180111 12084 5 0x8F
2536,12084,1658180128 12084 5 0x8F
2569,12084,1658180161 12084 5 0x8F
2586,12060,1658180178 12060 5 0x8F
2602,12084,1658180194 12084 5 0x8F
2619,12084,1658180211 12084 5 0x8F
2635,12084,1658180227 12084 5 0x8F
2652,12084,1658180244 12084 5 0x8F
2668,12084,1658180260 12084 5 0x8F
2685,12084,1658180277 12084 5 0x8F
2701,12060,1658180293 12060 5 0x8F
2718,12060,1658180310 12060 5 0x8F
2734,12042,1658180326 12042 5  x8F
2751,12060,1658180343 12060 5 0x8F
2767,12042,1658180359 12042 5 0x8F
2784,12060,1658180376 12060 5 0x8F
2800,12042,1658180392 12042 5 0x8F
2817,12042,1658180409 12042 5 0x8F
2834,12042,1658180426 12042 5 0x8F
2850,12042,1658180442 12042 5 0x8F
2867,12042,1658180459 12042 5 0x8F
2883,12042,1658180475 12042 5 0x8F
2900,12042,1658180492 12042 5 0x8F
2916,12042,1658180508 12042 5 0x8F
2933,12042,1658180525 12042 5 0x8F
2949,12042,1658180541 12042 5 0x8F
2966,12042,1658180558 12042 5 0x8F
2982,12042,1658180574 12042 5 0x8F
2999,12042,1658180591 12042 5 0x8F
3015,12042,1658180607 12042 5 0x8F
3032,12042,1658180624 12042 5 0x8F
3048,12042,1658180640 12042 5 0x8F
3065,12042,1658180657 12042 5 0x8F
3081,12042,1658180673 12042 5 0x8F
3098,12042,1658180690 12042 5 0x8F
3114,12042,1658180706 12042 5 0x8F
3131,12042,1658180723 12042 5 0x8F
3147,12042,1658180739 12042 5 0x8F
3164,12042,1658180756 12042 5 0x8F
3180,12024,1658180772 12024 5 0x8F
3197,12042,1658180789 12042 5 0x8F
3214,12042,1658180806 12042 5 0x8F
3230,12042,1658180822 12042 5 0x8F
3247,12024,1658180839 12024 5 0x8F
3263,12042,1658180855 12042 5 0x8F
3280,12042,1658180872 12042 5 0x8F
3296,12042,1658180888 12042 5 0x8F
3313,12042,1658180905 12042 5 0x8F
3329,12024,1658180921 12024 5 0x8F
3346,12042,1658180938 12042 5 0x8F
3362,12042,1658180954 12042 5 0x8F
3379,12042,1658180971 12042 5 0x8F
3395,12024,1658180987 12024 5 0x8F
3412,12042,1658181004 12042 5 0x8F
3428,12024,1658181020 12024 5 0x8F
3445,12042,1658181037 12042 5 0x8F
3462,12024,1658181054 12024 5 0x8F
3478,12024,1658181070 12024 5 0x8F
3495,12006,1658181087 12006 5 0x8F
3511,12024,1658181103 12024 5 0x8F
3528,12024,1658181120 12024 5 0x8F
3544,12024,1658181136 12024 5 0x8F
3561,12024,1658181153 12024 5 0x8F
3577,12024,1658181169 12024 5 0x8F
3594,12024,1658181186 12024 5 0x8F
3610,12024,1658181202 12024 5 0x8F
3627,12024,1658181219 12024 5 0x8F
3643,12024,1658181235 12024 5 0x8F
3660,12006,1658181252 12006 5 0x8F
3676,12006,1658181268 12006 5 0x8F
3693,12024,1658181285 12024 5 0x8F
3710,12024,1658181302 12024 5 0x8F
3726,12024,1658181318 12024 5 0x8F
3743,12024,1658181335 12024 5 0x8F
3759,12006,1658181351 12006 5 0x8F
3776,12006,1658181368 12006 5 0x8F
3792,11988,1658181384 11988 5 0x8F
3809,12006,1658181401 12006 5 0x8F
3825,11988,1658181417 11988 5 0x8F
3842,12006,1658181434 12006 5 0x8F
3858,12006,1658181450 12006 5 0x8F
3875,12006,1658181467 12006 5 0x8F
3891,12006,1658181483 12006 5 0x8F
3908,12006,1658181500 12006 5 0x8F
3924,12006,1658181516 12006 5 0x8F
3941,11988,1658181533 11988 5 0x8F
3958,12006,1658181550 12006 5 0x8F
3974,12006,1658181566 12006 5 0x8F
3991,12006,1658181583 12006 5 0x8F
4007,12006,1658181599 12006 5 0x8F
4024,12006,1658181616 12006 5 0x8F
4040,11988,1658181632 11988 5 0x8F
4057,11988,1658181649 11988 5 0x8F
4073,11988,1658181665 11988 5 0x8F
4090,11988,1658181682 11988 5 0x8F
4106,11988,1658181698 11988 5 0x8F
4123,12006,1658181715 12006 5 0x8F
4139,12006,1658181731 12006 5 0x8F
4156,11988,1658181748 11988 5 0x8F
4172,11988,1658181764 11988 5 0x8F
4189,11988,1658181781 11988 5 0x8F
4206,11964,1658181798 11964 5 0x8F
4222,11988,1658181814 11988 5 0x8F
4239,11988,1658181831 11988 5 0x8F
4255,11964,1658181847 11964 5 0x8F
4272,11964,1658181864 11964 5 0x8F
4288,11964,1658181880 11964 5 0x8F
4305,11964,1658181897 11964 5 0x8F
4321,11964,1658181913 11964 5 0x8F
4338,11964,1658181930 11964 5 0x8F
4354,11964,1658181946 11964 5 0x8F
4371,11964,1658181963 11964 5 0x8F
4387,11964,1658181979 11964 5 0x8F
4404,11964,1658181996 11964 5 0x8F
4420,11964,1658182012 11964 5 0x8F
4437,11946,1658182029 11946 4 0x0F
4454,11946,1658182046 11946 4 0x0F
4470,11964,1658182062 11964 5 0x8F
4487,11964,1658182079 11964 5 0x8F
4503,11964,1658182095 11964 5 0x8F
4520,11964,1658182112 11964 5 0x8F
4536,11964,1658182128 11964 5 0x8F
4553,11964,1658182145 11964 5 0x8F
4569,11946,1658182161 11946 4 0x0F
4586,11964,1658182178 11964 5 0x8F
4602,11964,1658182194 11964 5 0x8F
4619,11964,1658182211 11964 5 0x8F
4635,11964,1658182227 11964 5 0x8F
4652,11964,1658182244 11964 5 0x8F
4668,11946,1658182260 11946 4 0x0F
4685,11946,1658182277 11946 4 0x0F
4701,11928,1658182293 11928 4 0x0F
4718,11946,1658182310 11946 4 0x0F
4735,11946,1658182327 11946 4 0x0F
4751,11928,1658182343 11928 4 0x0F
4768,11946,1658182360 11946 4 0x0F
4784,11946,1658182376 11946 4 0x0F
4801,11928,1658182393 11928 4 0x0F
4817,11946,1658182409 11946 4 0x0F
4834,11946,1658182426 11946 4 0x0F
4850,11946,1658182442 11946 4 0x0F
4867,11946,1658182459 11946 4 0x0F
4883,11928,1658182475 11928 4 0x0F
4900,11946,1658182492 11946 4 0x0F
4916,11928,1658182508 11928 4 0x0F
4933,11946,1658182525 11946 4 0x0F
4949,11946,1658182541 11946 4 0x0F
4966,11928,1658182558 11928 4 0x0F
4983,11928,1658182575 11928 4 0x0F
4999,11928,1658182591 11928 4 0x0F
5016,11928,1658182608 11928 4 0x0F
5032,11928,1658182624 11928 4 0x0F
5049,11928,1658182641 11928 4 0x0F
5065,11928,1658182657 11928 4 0x0F
5082,11928,1658182674 11928 4 0x0F
5098,11928,1658182690 11928 4 0x0F
5115,11928,1658182707 11928 4 0x0F
5131,11928,1658182723 11928 4 0x0F
5148,11928,1658182740 11928 4 0x0F
5164,11928,1658182756 11928 4 0x0F
5181,11910,1658182773 11910 4 0x0F
5198,11910,1658182790 11910 4 0x0F
5214,11928,1658182806 11928 4 0x0F
5231,11928,1658182823 11928 4 0x0F
5247,11928,1658182839 11928 4 0x0F
5264,11928,1658182856 11928 4 0x0F
5280,11910,1658182872 11910 4 0x0F
5297,11910,1658182889 11910 4 0x0F
5313,11928,1658182905 11928 4 0x0F
5330,11910,1658182922 11910 4 0x0F
5346,11886,1658182938 11886 4 0x0F
5363,11886,1658182955 11886 4 0x0F
5379,11886,1658182971 11886 4 0x0F
5396,11910,1658182988 11910 4 0x0F
5413,11910,1658183005 11910 4 0x0F
5429,11886,1658183021 11886 4 0x0F
5446,11886,1658183038 11886 4 0x0F
5462,11886,1658183054 11886 4 0x0F
5479,11910,1658183071 11910 4 0x0F
5495,11886,1658183087 11886 4 0x0F
5512,11910,1658183104 11910 4 0x0F
5528,11910,1658183120 11910 4 0x0F
5545,11886,1658183137 11886 4 0x0F
5561,11886,1658183153 11886 4 0x0F
5578,11886,1658183170 11886 4 0x0F
5594,11886,1658183186 11886 4 0x0F
5611,11886,1658183203 11886 4 0x0F
5627,11868,1658183219 11868 4 0x0F
5644,11886,1658183236 11886 4 0x0F
5660,11886,1658183252 11886 4 0x0F
5677,11886,1658183269 11886 4 0x0F
5694,11886,1658183286 11886 4 0x0F
5710,11886,1658183302 11886 4 0x0F
5727,11886,1658183319 11886 4 0x0F
5743,11886,1658183335 11886 4 0x0F
5760,11886,1658183352 11886 4 0x0F
5776,11886,1658183368 11886 4 0x0F
5793,11868,1658183385 11868 4 0x0F
5809,11886,1658183401 11886 4 0x0F
5826,11886,1658183418 11886 4 0x0F
5842,11886,1658183434 11886 4 0x0F
5859,11886,1658183451 11886 4 0x0F
5875,11868,1658183467 11868 4 0x0F
5892,11868,1658183484 11868 4 0x0F
5908,11886,1658183500 11886 4 0x0F
5925,11868,1658183517 11868 4 0x0F
5942,11886,1658183534 11886 4 0x0F
5958,11850,1658183550 11850 4 0x0F
5975,11868,1658183567 11868 4 0x0F
5991,11850,1658183583 11850 4 0x0F
6008,11850,1658183600 11850 4 0x0F
6024,11868,1658183616 11868 4 0x0F
6041,11850,1658183633 11850 4 0x0F
6057,11850,1658183649 11850 4 0x0F
6074,11868,1658183666 11868 4 0x0F
6090,11868,1658183682 11868 4 0x0F
6107,11868,1658183699 11868 4 0x0F
6123,11868,1658183715 11868 4 0x0F
6140,11868,1658183732 11868 4 0x0F
6157,11850,1658183749 11850 4 0x0F
6173,11850,1658183765 11850 4 0x0F
6190,11850,1658183782 11850 4 0x0F
6206,11850,1658183798 11850 4 0x0F
6223,11850,1658183815 11850 4 0x0F
6239,11850,1658183831 11850 4 0x0F
6256,11850,1658183848 11850 4 0x0F
6272,11850,1658183864 11850 4 0x0F
6289,11850,1658183881 11850 4 0x0F
6305,11850,1658183897 11850 4 0x0F
6322,11850,1658183914 11850 4 0x0F
6338,11850,1658183930 11850 4 0x0F
6355,11850,1658183947 11850 4 0x0F
6371,11850,1658183963 11850 4 0x0F
6388,11850,1658183980 11850 4 0x0F
6405,11850,1658183997 11850 4 0x0F
6421,11832,1658184013 11832 4 0x0F
6438,11850,1658184030 11850 4 0x0F
6454,11850,1658184046 11850 4 0x0F
6471,11814,1658184063 11814 4 0x0F
6487,11832,1658184079 11832 4 0x0F
6504,11832,1658184096 11832 4 0x0F
6520,11850,1658184112 11850 4 0x0F
6537,11832,1658184129 11832 4 0x0F
6553,11814,1658184145 11814 4 0x0F
6570,11832,1658184162 11832 4 0x0F
6586,11832,1658184178 11832 4 0x0F
6603,11832,1658184195 11832 4 0x0F
6619,11832,1658184211 11832 4 0x0F
6636,11832,1658184228 11832 4 0x0F
6652,11832,1658184244 11832 4 0x0F
6669,11814,1658184261 11814 4 0x0F
6685,11814,1658184277 11814 4 0x0F
6702,11832,1658184294 11832 4 0x0F
6719,11832,1658184311 11832 4 0x0F
6735,11832,1658184327 11832 4 0x0F
6752,11814,1658184344 11814 4 0x0F
6768,11832,1658184360 11832 4 0x0F
6785,11814,1658184377 11814 4 0x0F
6801,11814,1658184393 11814 4 0x0F
6818,11814,1658184410 11814 4 0x0F
6834,11814,1658184426 11814 4 0x0F
6851,11814,1658184443 11814 4 0x0F
6867,11814,1658184459 11814 4 0x0F
6884,11814,1658184476 11814 4 0x0F
6900,11814,1658184492 11814 4 0x0F
6917,11814,1658184509 11814 4 0x0F
6933,11814,1658184525 11814 4 0x0F
6950,11814,1658184542 11814 4 0x0F
6966,11814,1658184558 11814 4 0x0F
6983,11814,1658184575 11814 4 0x0F
6999,11814,1658184591 11814 4 0x0F
7016,11814,1658184608 11814 4 0x0F
7032,11814,1658184624 11814 4 0x0F
7049,11814,1658184641 11814 4 0x0F
7066,11814,1658184658 11814 4 0x0F
7082,11814,1658184674 11814 4 0x0F
7099,11790,1658184691 11790 4 0x0F
7115,11772,1658184707 11772 4 0x0F
7132,11814,1658184724 11814 4 0x0F
7148,11790,1658184740 11790 4 0x0F
7165,11814,1658184757 11814 4 0x0F
7181,11790,1658184773 11790 4 0x0F
7198,11814,1658184790 11814 4 0x0F
7214,11814,1658184806 11814 4 0x0F
7231,11814,1658184823 11814 4 0x0F
7247,11790,1658184839 11790 4 0x0F
7264,11814,1658184856 11814 4 0x0F
7280,11772,1658184872 11772 4 0x0F
7297,11772,1658184889 11772 4 0x0F
7314,11790,1658184906 11790 4 0x0F
7330,11772,1658184922 11772 4 0x0F
7347,11790,1658184939 11790 4 0x0F
7363,11790,1658184955 11790 4 0x0F
7380,11790,1658184972 11790 4 0x0F
7396,11790,1658184988 11790 4 0x0F
7413,11790,1658185005 11790 4 0x0F
7429,11790,1658185021 11790 4 0x0F
7446,11790,1658185038 11790 4 0x0F
7462,11790,1658185054 11790 4 0x0F
7479,11772,1658185071 11772 4 0x0F
7495,11772,1658185087 11772 4 0x0F
7512,11772,1658185104 11772 4 0x0F
7528,11772,1658185120 11772 4 0x0F
7545,11772,1658185137 11772 4 0x0F
7562,11772,1658185154 11772 4 0x0F
7578,11736,1658185170 11736 4 0x0F
7595,11772,1658185187 11772 4 0x0F
7611,11772,1658185203 11772 4 0x0F
7628,11772,1658185220 11772 4 0x0F
7644,11772,1658185236 11772 4 0x0F
7661,11772,1658185253 11772 4 0x0F
7677,11772,1658185269 11772 4 0x0F
7694,11772,1658185286 11772 4 0x0F
7710,11772,1658185302 11772 4 0x0F
7727,11772,1658185319 11772 4 0x0F
7743,11772,1658185335 11772 4 0x0F
7760,11772,1658185352 11772 4 0x0F
7776,11736,1658185368 11736 4 0x0F
7793,11754,1658185385 11754 4 0x0F
7809,11754,1658185401 11754 4 0x0F
7826,11772,1658185418 11772 4 0x0F
7843,11772,1658185435 11772 4 0x0F
7859,11754,1658185451 11754 4 0x0F
7876,11736,1658185468 11736 4 0x0F
7892,11754,1658185484 11754 4 0x0F
7909,11736,1658185501 11736 4 0x0F
7925,11754,1658185517 11754 4 0x0F
7942,11736,1658185534 11736 4 0x0F
7958,11772,1658185550 11772 4 0x0F
7975,11736,1658185567 11736 4 0x0F
7991,11736,1658185583 11736 4 0x0F
8008,11754,1658185600 11754 4 0x0F
8024,11736,1658185616 11736 4 0x0F
8041,11754,1658185633 11754 4 0x0F
8057,11736,1658185649 11736 4 0x0F
8074,11736,1658185666 11736 4 0x0F
8090,11736,1658185682 11736 4 0x0F
8107,11736,1658185699 11736 4 0x0F
8123,11736,1658185715 11736 4 0x0F
8140,11736,1658185732 11736 4 0x0F
8157,11736,1658185749 11736 4 0x0F
8173,11736,1658185765 11736 4 0x0F
8190,11736,1658185782 11736 4 0x0F
8206,11736,1658185798 11736 4 0x0F
8223,11736,1658185815 11736 4 0x0 
8239,11736,1658185831 11736 4 0x0F
8256,11736,1658185848 11736 4 0x0 
8289,11736,1658185881 11736 4 0x0F
8305,11736,1658185897 11736 4 0x0F
8322,11736,1658185914 11736 4 0x0F
8338,11736,1658185930 11736 4 0x0F
8355,11736,1658185947 11736 4 0x0F
8371,11736,1658185963 11736 4 0x0F
8388,11712,1658185980 11712 4 0x0F
8404,11736,1658185996 11736 4 0x0F
8421,11736,1658186013 11736 4 0x0F
8438,11736,1658186030 11736 4 0x0F
8454,11736,1658186046 11736 4 0x0F
8471,11736,1658186063 11736 4 0x0F
8487,11736,1658186079 11736 4 0x0F
8504,11736,1658186096 11736 4 0x0F
8520,11736,1658186112 11736 4 0x0F
8537,11736,1658186129 11736 4 0x0F
8553,11712,1658186145 11712 4 0x0F
8570,11736,1658186162 11736 4 0x0F
8586,11736,1658186178 11736 4 0x0F
8603,11712,1658186195 11712 4 0x0F
8619,11736,1658186211 11736 4 0x0F
8636,11712,1658186228 11712 4 0x0F 
8652,11736,1658186244 11736 4 0x F
8669,11712,1658186261 11712 4 0x0F
8685,11712,1658186277 11712 4 0x0F
8702,11694,1658186294 11694 4 0x0F
8718,11736,1658186310 11736 4 0x0F
8735,11712,1658186327 11712 4 0x0F 
8751,11736,1658186343 11736 4 0x0F
8768,11712,1658186360 11712 4 0x0F
8784,11712,1658186376 11712 4 0x0F
8801,11694,1658186393 11694 4 0x0F
8818,11712,1658186410 11712 4 0x0F
8834,11694,1658186426 11694 4 0x0F
8851,11712,1658186443 11712 4 0x0F
8884,11712,1658186476 11712 4 0x0F
8900,11712,1658186492 11712 4 0x0F
8933,11694,1658186525 11694 4 0x0F   11694 4 0x0F
8950,11712,1658186542 11712 4 0x0F
8966,11694,1658186558 11694 4 0x0F
9016,11712,1658186608 11712 4 0x0F
9032,11694,1658186624 11694 4 0x0F
9049,11694,1658186641 11694 4 0x0F
9065,11694,1658186657 11694 4 0x0F
9082,11694,1658186674 11694 4 0x0F
9098,11676,1658186690 11676 4 0x0F
9115,11676,1658186707 11676 4 0x0F
9131,11694,1658186723 11694 4 0x0F
9148,11676,1658186740 11676 4 0x  
9164,11694,1658186756 11694 4 0x0F
9181,11676,1658186773 11676 4 0x0F
9197,11694,1658186789 11694 4 0x0F
9214,11676,1658186806 11676 4 0x0F
9231,11694,1658186823 11694 4  x0F
9247,11676,1658186839 11676 4 0x0F
9264,11694,1658186856 11694 4 0x0F
9280,11694,1658186872 11694 4 0x0F
9297,11694,1658186889 11694 4 0x0F
9313,11694,1658186905 11694 4 0x0F
9330,11694,1658186922 11694 4 0x0F
9346,11676,1658186938 11676 4 0x0F
9363,11694,1658186955 11694 4 0x0F
9379,11676,1658186971 11676 4 0x0F
9396,11676,1658186988 11676 4 0x0F
9412,11694,1658187004 11694 4 0x0F
9429,11694,1658187021 11694 4 0x0 
9462,11694,1658187054 11694 4 0x0F
9478,11694,1658187070 11694 4 0x0F
9495,11676,1658187087 11676 4 0x0F
9512,11694,1658187104 11694 4 0x0F
9528,11676,1658187120 11676 4 0x0F
9545,11658,1658187137 11658 4 0x0F
9561,11676,1658187153 11676 4 0x0F
9578,11676,1658187170 11676 4 0x0F
9594,11676,1658187186 11676 4 0x0F
9611,11658,1658187203 11658 4 0x0F
9627,11676,1658187219 11676 4 0x0F
9644,11658,1658187236 11658 4 0x0F
9660,11658,1658187252 11658 4 0x0F
9677,11676,1658187269 11676 4 0x0F
9693,11658,1658187285 11658 4 0x0F
9710,11676,1658187302 11676 4 0x0F
9726,11658,1658187318 11658 4 0x0F
9743,11658,1658187335 11658 4 0x0F
9776,11658,1658187368 11658 4 0x0F
9793,11658,1658187385 11658 4 0x0F
9809,11676,1658187401 11676 4 0x0F
9826,11658,1658187418 11658 4 0x0F
9842,11676,1658187434 11676 4 0x0F
9859,11658,1658187451 11658 4 0x0F
9875,11658,1658187467 11658 4  x0F
9892,11658,1658187484 11658 4  x0F
9908,11658,1658187500 11658 4 0x0F
9925,11658,1658187517 11658 4 0x0F
9941,11658,1658187533 11658 4 0x0F
9958,11658,1658187550 11658 4 0x0F
9974,11658,1658187566 11658 4 0x0F
9991,11658,1658187583 11658 4 0x0F
10007,11658,1658187599 11658 4 0x0F
10024,11640,1658187616 11640 4 0x0F
10041,11658,1658187633 11658 4 0x0F
10057,11658,1658187649 11658 4 0x0F
10074,11640,1658187666 11640 4 0x0F
10090,11658,1658187682 11658 4 0x0F
10107,11658,1658187699 11658 4 0x0F
10123,11658,1658187715 11658 4 0x0F
10140,11658,1658187732 11658 4 0x0F
10156,11658,1658187748 11658 4 0x0F
10173,11658,1658187765 11658 4 0x0F
10189,11658,1658187781 11658 4 0x0F
10206,11658,1658187798 11658 4 0x0F
10222,11640,1658187814 11640 4 0x0F 
10239,11640,1658187831 11640 4 0x0F
10255,11658,1658187847 11658 4 0x0F
10272,11640,1658187864 11640 4 0x0F
10288,11640,1658187880 11640 4 0x0F
10305,11640,1658187897 11640 4 0x0F
10321,11658,1658187913 11658 4 0x0F
10338,11640,1658187930 11640 4 0x0F
10354,11640,1658187946 11640 4 0x0F
10387,11658,1658187979 11658 4 0x0F
10404,11640,1658187996 11640 4 0x0F
10420,11640,1658188012 11640 4 0x0F
10437,11640,1658188029 11640 4 0x0F
10453,11640,1658188045 11640 4 0x0F
10470,11640,1658188062 11640 4 0x0F
10487,11640,1658188079 11640 4 0x0F
10503,11640,1658188095 11640 4 0x0F
10520,11640,1658188112 11640 4 0x0F
10536,11640,1658188128 11640 4 0x0F
10553,11640,1658188145 11640 4 0x0F
10586,11640,1658188178 11640 4 0x0F
10602,11616,1658188194 11616 4 0x0F
10619,11616,1658188211 11616 4 0x0F
10635,11616,1658188227 11616 4 0x0F
10668,11616,1658188260 11616 4 0x0F
10685,11640,1658188277 11640 4 0x0F
10701,11640,1658188293 11640 4 0x0F
10718,11616,1658188310 11616 4 0x0F
10734,11616,1658188326 11616 4 0x0F
10751,11640,1658188343 11640 4 0x0F
10767,11616,1658188359 11616 4 0 0F
10784,11616,1658188376 11616 4 0x0F
10800,11616,1658188392 11616 4 0x0F
10817,11616,1658188409 11616 4 0x0F
10833,11598,1658188425 11598 4 0x0F
10850,11616,1658188442 11616 4 0x0F
10866,11616,1658188458 11616 4 0x0F
10883,11616,1658188475 11616 4 0x0F
10900,11616,1658188492 11616 4 0x0F
10916,11616,1658188508 11616 4 0x0F
10933,11616,1658188525 11616 4 0x0F
10966,11616,1658188558 11616 4 0x0F
10982,11616,1658188574 11616 4 0x0F
10999,11616,1658188591 11616 4 0x0F
11015,11616,1658188607 11616 4 0x0F
11032,11616,1658188624 11616 4 0x0F
11048,11598,1658188640 11598 4 0x0F
11065,11616,1658188657 11616 4 0x0F
11081,11598,1658188673 11598 4 0x0F
11098,11616,1658188690 11616 4 0x0F
11114,11598,1658188706 11598 4 0x0F
11131,11616,1658188723 11616 4 0x0F
11147,11598,1658188739 11598 4 0x0F
11164,11598,1658188756 11598 4 0x0F
11180,11616,1658188772 11616 4 0x0F
11197,11616,1658188789 11616 4 0x0F
11213,11580,1658188805 11580 4 0x0F
11230,11598,1658188822 11598 4 0x0F
11247,11598,1658188839 11598 4 0x0F
11263,11580,1658188855 11580 4 0x0F
11280,11598,1658188872 11598 4 0x0F
11296,11598,1658188888 11598 4 0x0F
11313,11580,1658188905 11580 4 0x0F
11329,11598,1658188921 11598 4 0x0F
11346,11580,1658188938 11580 4 0x0F
11362,11598,1658188954 11598 4 0x0F
11379,11598,1658188971 11598 4 0x0F
11395,11580,1658188987 11580 4 0x0F
11412,11598,1658189004 11598 4 0x0F
11428,11580,1658189020 11580 4 0x0F
11445,11580,1658189037 11580 4 0x0F
11461,11580,1658189053 11580 4 0x0F
11478,11580,1658189070 11580 4 0x0F
11494,11580,1658189086 11580 4 0x0F
11511,11580,1658189103 11580 4 0x0F
11527,11562,1658189119 11562 4 0x0F
11544,11580,1658189136 11580 4 0x0F
11560,11580,1658189152 11580 4 0x0F
11594,11580,1658189186 11580 4 0x0F
11610,11580,1658189202 11580 4 0x0F
11627,11580,1658189219 11580 4 0x0F
11643,11580,1658189235 11580 4 0x0F
11660,11580,1658189252 11580 4 0x0F
11676,11580,1658189268 11580 4 0x0F
11693,11580,1658189285 11580 4 0x0F
11709,11580,1658189301 11580 4 0x0F
11726,11580,1658189318 11580 4 0x0F
11742,11580,1658189334 11580 4 0x0F
11759,11580,1658189351 11580 4 0x0F
11775,11580,1658189367 11580 4 0x0F
11792,11562,1658189384 11562 4 0x0F
11808,11580,1658189400 11580 4 0x0F
11825,11580,1658189417 11580 4 0x0F
11841,11580,1658189433 11580 4 0x0F
11858,11562,1658189450 11562 4 0x0F
11874,11562,1658189466 11562 4 0x0F
11891,11580,1658189483 11580 4 0x0F
11907,11580,1658189499 11580 4 0x0F
11924,11562,1658189516 11562 4 0x0F
11940,11580,1658189532 11580 4 0x0F
11957,11580,1658189549 11580 4 0x0F
11974,11580,1658189566 11580 4 0x0F
11990,11562,1658189582 11562 4 0x0F
12007,11562,1658189599 11562 4 0x0F
12023,11580,1658189615 11580 4 0x0F
12040,11562,1658189632 11562 4 0x0F
12056,11562,1658189648 11562 4 0x0F
12073,11580,1658189665 11580 4 0x0F
12089,11562,1658189681 11562 4 0x0F
12106,11562,1658189698 11562 4 0x0F
12122,11562,1658189714 11562 4 0x0F
12155,11562,1658189747 11562 4 0x0F
12172,11562,1658189764 11562 4 0x0F
12188,11562,1658189780 11562 4 0x0F
12221,11562,1658189813 11562 4 0x0F
12238,11562,1658189830 11562 4 0x0F
12254,11538,1658189846 11538 4 0x0F
12271,11562,1658189863 11562 4 0x0F
12288,11538,1658189880 11538 4 0x0F
12304,11538,1658189896 11538 4 0x F
12321,11538,1658189913 11538 4 0x0F
12337,11538,1658189929 11538 4 0x0F
12354,11538,1658189946 11538 4 0x0F
12370,11520,1658189962 11520 4 0x0F
12387,11538,1658189979 11538 4 0x0F
12403,11520,1658189995 11520 4 0x0F
12420,11538,1658190012 11538 4 0x0F
12436,11538,1658190028 11538 4 0x0F
12453,11538,1658190045 11538 4 0x0F
12469,11538,1658190061 11538 4 0x0F
12486,11538,1658190078 11538 4 0x0F
12502,11538,1658190094 11538 4 0x0F
12519,11538,1658190111 11538 4 0x0F
12535,11538,1658190127 11538 4 0x0F
12552,11520,1658190144 11520 4 0x0F
12568,11538,1658190160 11538 4 0x0F
12585,11538,1658190177 11538 4 0x0F
12601,11520,1658190193 11520 4 0x0F
12618,11538,1658190210 11538 4 0x0F
12635,11520,1658190227 11520 4 0x0 
12651,11520,1658190243 11520 4 0x0F
12668,11538,1658190260 11538 4 0x0F
12684,11538,1658190276 11538 4 0x0F
12701,11538,1658190293 11538 4 0x0F
12717,11520,1658190309 11520 4 0x0F
12734,11502,1658190326 11502 4 0x0F
12750,11538,1658190342 11538 4 0x0F
12767,11520,1658190359 11520 4 0x0F
12783,11520,1658190375 11520 4 0x0F
12800,11538,1658190392 11538 4 0x0F
12816,11520,1658190408 11520 4 0x0F
12833,11520,1658190425 11520 4 0x0F
12849,11520,1658190441 11520 4 0x0F
12866,11520,1658190458 11520 4 0x0F
12882,11520,1658190474 11520 4 0x0F
12899,11520,1658190491 11520 4 0x0F
12915,11520,1658190507 11520 4 0x0F
12932,11520,1658190524 11520 4 0x0F
12948,11502,1658190540 11502 4 0x0F
12965,11520,1658190557 11520 4 0x0F
12981,11502,1658190573 11502 4 0x0F
12998,11520,1658190590 11520 4 0x0F
13014,11502,1658190606 11502 4 0x0F
13031,11520,1658190623 11520 4 0x0F
13047,11502,1658190639 11502 4 0x0F
13064,11502,1658190656 11502 4 0x0F
13080,11502,1658190672 11502 4 0x0F
13097,11502,1658190689 11502 4 0x0F
13114,11520,1658190706 11520 4 0x0F
13130,11502,1658190722 11502 4 0x0F
13147,11502,1658190739 11502 4 0x0F
13163,11502,1658190755 11502 4 0x0F
13180,11502,1658190772 11502 4 0x0F
13196,11502,1658190788 11502 4 0x0F
13213,11502,1658190805 11502 4 0x0F
13229,11502,1658190821 11502 4 0x0F
13246,11502,1658190838 11502 4 0x0F
13262,11484,1658190854 11484 4 0x0F
13279,11502,1658190871 11502 4 0x0F
13295,11502,1658190887 11502 4 0x0F
13312,11502,1658190904 11502 4 0x0F
13328,11502,1658190920 11502 4 0x0F
13345,11502,1658190937 11502 4 0x0F
13361,11484,1658190953 11484 4 0x0F
13378,11502,1658190970 11502 4 0x0F
13394,11502,1658190986 11502 4 0x0F
13411,11502,1658191003 11502 4 0x0F
13427,11484,1658191019 11484 4 0x0F
13444,11466,1658191036 11466 4 0x0F
13460,11502,1658191052 11502 4 0x0F
13477,11502,1658191069 11502 4 0x0F
13494,11502,1658191086 11502 4 0x0F 
13510,11484,1658191102 11484 4 0x0F
13527,11484,1658191119 11484 4 0x0F
13543,11502,1658191135 11502 4 0x0F
13560,11466,1658191152 11466 4 0x0F
13576,11484,1658191168 11484 4 0x0F
13593,11484,1658191185 11484 4 0x0F
13609,11484,1658191201 11484 4 0x0F
13626,11484,1658191218 11484 4 0x0F
13642,11484,1658191234 11484 4 0x0F
13659,11466,1658191251 11466 4 0x0F
13675,11484,1658191267 11484 4 0x0F
13692,11484,1658191284 11484 4  x0F
13708,11484,1658191300 11484 4 0x0F
13725,11484,1658191317 11484 4 0x0F
13741,11466,1658191333 11466 4 0x0F
13758,11484,1658191350 11484 4 0x0F
13774,11484,1658191366 11484 4 0x0F
13791,11484,1658191383 11484 4 0x0F
13807,11466,1658191399 11466 4 0x0F
13824,11466,1658191416 11466 4 0x0F
13840,11466,1658191432 11466 4 0x0F
13857,11466,1658191449 11466 4 0x0F
13873,11466,1658191465 11466 4 0x0F
13890,11466,1658191482 11466 4 0x0F
13906,11466,1658191498 11466 4 0x0F
13923,11466,1658191515 11466 4 0x0F
13939,11466,1658191531 11466 4 0x0F
13956,11466,1658191548 11466 4 0x0F
13972,11466,1658191564 11466 4 0x0F
13989,11466,1658191581 11466 4 0x0F
14005,11466,1658191597 11466 4 0x0F
14022,11466,1658191614 11466 4 0x0F
14039,11466,1658191631 11466 4 0x0F
14055,11466,1658191647 11466 4 0x0F
14072,11466,1658191664 11466 4 0x0F
14088,11466,1658191680 11466 4 0x0F
14105,11466,1658191697 11466 4 0x0F
14121,11442,1658191713 11442 4 0x0F
14138,11424,1658191730 11424 4 0x0F
14154,11442,1658191746 11442 4 0x0F
14171,11424,1658191763 11424 4 0x0F
14187,11442,1658191779 11442 4 0x0F
14204,11466,1658191796 11466 4 0x0F
14220,11424,1658191812 11424 4 0x0F
14237,11424,1658191829 11424 4 0x0F
14253,11466,1658191845 11466 4 0x0F
14270,11442,1658191862 11442 4 0x0F
14286,11442,1658191878 11442 4 0x0F
14303,11424,1658191895 11424 4 0x0F
14319,11424,1658191911 11424 4 0x0F
14336,11442,1658191928 11442 4 0x0F
14353,11442,1658191945 11442 4 0x0F
14369,11424,1658191961 11424 4 0x0F
14386,11424,1658191978 11424 4 0x0F
14402,11424,1658191994 11424 4 0x0F
14419,11424,1658192011 11424 4 0x0F
14435,11424,1658192027 11424 4 0x0F
14452,11424,1658192044 11424 4 0x0F
14468,11424,1658192060 11424 4 0x0F
14485,11424,1658192077 11424 4 0x0F
14501,11424,1658192093 11424 4 0x0F
14518,11424,1658192110 11424 4 0x0F
14534,11424,1658192126 11424 4 0x0F
14551,11424,1658192143 11424 4 0x0F
14567,11424,1658192159 11424 4 0x0F
14584,11424,1658192176 11424 4 0x0F
14600,11424,1658192192 11424 4 0x0F
14617,11424,1658192209 11424 4 0x0F
14633,11424,1658192225 11424 4 0x0F
14650,11424,1658192242 11424 4 0x0F
14666,11424,1658192258 11424 4 0x0F
14683,11424,1658192275 11424 4 0x0F
14700,11424,1658192292 11424 4 0x0F
14716,11424,1658192308 11424 4 0x0F
14733,11424,1658192325 11424 4 0x0F
14749,11424,1658192341 11424 4 0x0F
14766,11424,1658192358 11424 4 0x0F
14782,11406,1658192374 11406 4 0x0F
14799,11388,1658192391 11388 4 0x0F
14815,11406,1658192407 11406 4 0x0F
14832,11424,1658192424 11424 4 0x0F
14848,11388,1658192440 11388 4 0x0F
14865,11406,1658192457 11406 4 0x0F
14881,11424,1658192473 11424 4 0x0F
14898,11424,1658192490 11424 4 0x0F
14914,11406,1658192506 11406 4 0x0F
14931,11406,1658192523 11406 4 0x0F
14947,11388,1658192539 11388 4 0x0F
14964,11406,1658192556 11406 4 0x0F
14980,11388,1658192572 11388 4 0x0F
14997,11406,1658192589 11406 4 0x0F
15013,11388,1658192605 11388 4 0x0F
15030,11388,1658192622 11388 4 0x0F
15046,11406,1658192638 11406 4 0x0F
15063,11388,1658192655 11388 4 0x0F
15079,11406,1658192671 11406 4 0x0F
15096,11388,1658192688 11388 4 0x0F
15113,11388,1658192705 11388 4 0x0F
15129,11388,1658192721 11388 4 0x0F
15146,11388,1658192738 11388 4 0x0F
15162,11388,1658192754 11388 4 0x0F
15179,11388,1658192771 11388 4 0x0F
15195,11388,1658192787 11388 4 0x0F
15212,11388,1658192804 11388 4 0x0F
15228,11388,1658192820 11388 4 0x0F
15245,11388,1658192837 11388 4 0x0F
15261,11388,1658192853 11388 4 0x0F
15278,11388,1658192870 11388 4 0x0F
15294,11364,1658192886 11364 4 0x0F
15311,11388,1658192903 11388 4 0x0F
15327,11364,1658192919 11364 4 0x0F
15344,11388,1658192936 11388 4 0x0F
15361,11388,1658192953 11388 4 0x0F
15377,11364,1658192969 11364 4 0x0F
15394,11388,1658192986 11388 4 0x0F
15410,11364,1658193002 11364 4 0x0F
15427,11364,1658193019 11364 4 0x0F
15443,11364,1658193035 11364 4 0x0F
15460,11364,1658193052 11364 4 0x0F
15476,11364,1658193068 11364 4 0x0F
15493,11364,1658193085 11364 4 0x0F
15509,11364,1658193101 11364 4 0x0F
15526,11364,1658193118 11364 4 0x0F
15542,11346,1658193134 11346 4 0x0F
15559,11346,1658193151 11346 4 0x0F
15575,11364,1658193167 11364 4 0x0F
15592,11346,1658193184 11346 4 0x0F
15608,11346,1658193200 11346 4 0x0F
15625,11346,1658193217 11346 4 0x0F
15642,11346,1658193234 11346 4 0x0F
15658,11346,1658193250 11346 4 0x0F
15675,11346,1658193267 11346 4 0x0F
15691,11346,1658193283 11346 4 0x0F
15708,11346,1658193300 11346 4 0x0F
15724,11346,1658193316 11346 4 0x0F
15741,11346,1658193333 11346 4 0x0F
15757,11346,1658193349 11346 4 0x0F
15774,11328,1658193366 11328 4 0x0F
15790,11346,1658193382 11346 4 0x0F
15807,11346,1658193399 11346 4 0x0F
15823,11346,1658193415 11346 4 0x0F
15840,11346,1658193432 11346 4 0x0F
15856,11310,1658193448 11310 4 0x0F
15873,11328,1658193465 11328 4 0x0F
15889,11346,1658193481 11346 4 0x0F
15906,11346,1658193498 11346 4 0x0F
15922,11328,1658193514 11328 4 0x0F
15939,11328,1658193531 11328 4 0x0F
15956,11346,1658193548 11346 4 0x0F
15972,11328,1658193564 11328 4 0x0F
15989,11328,1658193581 11328 4 0x0F
16005,11328,1658193597 11328 4 0x0F
16022,11328,1658193614 11328 4 0x0F
16038,11328,1658193630 11328 4 0x0F
16055,11328,1658193647 11328 4 0x0F
16071,11328,1658193663 11328 4 0x0F
16088,11310,1658193680 11310 4 0x0F
16104,11328,1658193696 11328 4 0x0F
16121,11310,1658193713 11310 4 0x0F
16137,11328,1658193729 11328 4 0x0F
16154,11310,1658193746 11310 4 0x0F
16170,11310,1658193762 11310 4 0x0F
16187,11310,1658193779 11310 4 0x0F
16203,11310,1658193795 11310 4 0x0F
16220,11310,1658193812 11310 4 0x0F
16236,11310,1658193828 11310 4 0x0F
16253,11310,1658193845 11310 4 0x0F
16269,11310,1658193861 11310 4 0x0F
16286,11292,1658193878 11292 4 0x0F
16302,11310,1658193894 11310 4 0x0F
16319,11310,1658193911 11310 4 0x0F
16336,11292,1658193928 11292 4 0x0F
16352,11310,1658193944 11310 4 0x0F
16369,11292,1658193961 11292 4 0x0F
16385,11310,1658193977 11310 4 0x0F
16402,11292,1658193994 11292 4 0x0F
16418,11310,1658194010 11310 4 0x0F
16435,11268,1658194027 11268 4 0x0F
16451,11292,1658194043 11292 4 0x0F
16468,11292,1658194060 11292 4 0x0F
16484,11292,1658194076 11292 4 0x0F
16501,11292,1658194093 11292 4 0x0F
16517,11292,1658194109 11292 4 0x0F
16534,11268,1658194126 11268 4 0x0F
16550,11292,1658194142 11292 4 0x0F
16567,11292,1658194159 11292 4 0x0F
16583,11268,1658194175 11268 4 0x0F
16600,11268,1658194192 11268 4 0x0F
16617,11268,1658194209 11268 4 0x0F
16633,11268,1658194225 11268 4 0x0F
16650,11268,1658194242 11268 4 0x0F
16666,11268,1658194258 11268 4 0x0F
16683,11268,1658194275 11268 4 0x0F
16699,11268,1658194291 11268 4 0x0F
16716,11268,1658194308 11268 4 0x0F
16732,11268,1658194324 11268 4 0x0F
16749,11268,1658194341 11268 4 0x0F
16765,11268,1658194357 11268 4 0x0F
16782,11268,1658194374 11268 4 0x0F
16798,11268,1658194390 11268 4 0x0F
16815,11268,1658194407 11268 4 0x0F
16831,11250,1658194423 11250 4 0x0F
16848,11268,1658194440 11268 4 0x0F
16864,11268,1658194456 11268 4 0x0F
16881,11250,1658194473 11250 4 0x0F
16898,11268,1658194490 11268 4 0x0F
16914,11268,1658194506 11268 4 0x0F
16931,11268,1658194523 11268 4 0x0F
16947,11250,1658194539 11250 4 0x0F
16964,11250,1658194556 11250 4 0x0F
16980,11250,1658194572 11250 4 0x0F
16997,11250,1658194589 11250 4 0x0F
17013,11250,1658194605 11250 4 0x0F
17030,11250,1658194622 11250 4 0x0F
17046,11250,1658194638 11250 4 0x0F
17063,11250,1658194655 11250 4 0x0F
17079,11232,1658194671 11232 4 0x0F
17096,11232,1658194688 11232 4 0x0F
17112,11250,1658194704 11250 4 0x0F
17129,11232,1658194721 11232 4 0x0F
17145,11232,1658194737 11232 4 0x0F
17162,11232,1658194754 11232 4 0x0F
17179,11232,1658194771 11232 4 0x0F
17195,11232,1658194787 11232 4 0x0F
17212,11232,1658194804 11232 4 0x0F
17228,11232,1658194820 11232 4 0x0F
17245,11232,1658194837 11232 4 0x0F
17261,11214,1658194853 11214 4 0x0F
17278,11232,1658194870 11232 4 0x0F
17294,11232,1658194886 11232 4 0x0F
17311,11232,1658194903 11232 4 0x0F
17327,11232,1658194919 11232 4 0x0F
17344,11232,1658194936 11232 4 0x0F
17360,11232,1658194952 11232 4 0x0F
17377,11232,1658194969 11232 4 0x0F
17393,11232,1658194985 11232 4 0x0F
17410,11232,1658195002 11232 4 0x0F
17427,11214,1658195019 11214 4 0x0F
17443,11232,1658195035 11232 4 0x0F
17460,11214,1658195052 11214 4 0x0F
17476,11214,1658195068 11214 4 0x0F
17493,11214,1658195085 11214 4 0x0F
17509,11214,1658195101 11214 4 0x0F
17526,11214,1658195118 11214 4 0x0F
17542,11190,1658195134 11190 4 0x0F
17559,11214,1658195151 11214 4 0x0F
17575,11214,1658195167 11214 4 0x0F
17592,11190,1658195184 11190 4 0x0F
17608,11214,1658195200 11214 4 0x0F
17625,11190,1658195217 11190 4 0x0F
17641,11214,1658195233 11214 4 0x0F
17658,11214,1658195250 11214 4 0x0F
17674,11214,1658195266 11214 4 0x0F
17691,11190,1658195283 11190 4 0x0F
17724,11190,1658195316 11190 4 0x0F
17740,11190,1658195332 11190 4 0x0F
17757,11190,1658195349 11190 4 0x0F
17774,11190,1658195366 11190 4 0x0F
17790,11190,1658195382 11190 4 0x0F
17807,11190,1658195399 11190 4 0x0F
17823,11190,1658195415 11190 4 0x0F
17840,11190,1658195432 11190 4 0x0F
17856,11172,1658195448 11172 4 0x0F
17873,11190,1658195465 11190 4 0x0F
17889,11190,1658195481 11190 4 0x0F
17906,11190,1658195498 11190 4 0x0F
17922,11190,1658195514 11190 4 0x0F
17939,11190,1658195531 11190 4 0x0F
17955,11154,1658195547 11154 4 0x0F
17972,11190,1658195564 11190 4 0x0F
17988,11190,1658195580 11190 4 0x0F
18005,11172,1658195597 11172 4 0x0F
18021,11172,1658195613 11172 4 0x0F
18038,11190,1658195630 11190 4 0x0F
18054,11172,1658195646 11172 4 0x0F
18071,11172,1658195663 11172 4 0x0F
18088,11172,1658195680 11172 4 0x0F
18104,11172,1658195696 11172 4 0x0F
18121,11172,1658195713 11172 4 0x0F
18137,11172,1658195729 11172 4 0x0F
18154,11172,1658195746 11172 4 0x0F
18170,11172,1658195762 11172 4 0x0F
18187,11172,1658195779 11172 4 0x0F
18203,11172,1658195795 11172 4 0x0F
18220,11172,1658195812 11172 4 0x0F
18236,11172,1658195828 11172 4 0x0F
18253,11172,1658195845 11172 4 0x0F
18269,11172,1658195861 11172 4 0x0F
18286,11172,1658195878 11172 4 0x0F
18303,11172,1658195895 11172 4 0x0F
18319,11154,1658195911 11154 4 0x0F
18352,11172,1658195944 11172 4 0x0F
18369,11154,1658195961 11154 4 0x0F
18385,11154,1658195977 11154 4 0x0F
18402,11154,1658195994 11154 4 0x0F
18418,11154,1658196010 11154 4 0x0F
18435,11154,1658196027 11154 4 0x0F
18451,11154,1658196043 11154 4 0x0F
18468,11154,1658196060 11154 4 0x0F
18484,11154,1658196076 11154 4 0x0F
18501,11154,1658196093 11154 4 0x0F
18517,11154,1658196109 11154 4 0x0F
18534,11154,1658196126 11154 4 0x0F
18550,11154,1658196142 11154 4 0x0F
18567,11154,1658196159 11154 4 0x0F
18583,11154,1658196175 11154 4 0x0F
18600,11154,1658196192 11154 4 0x0F
18617,11154,1658196209 11154 4 0x0F
18633,11154,1658196225 11154 4 0x0F
18650,11136,1658196242 11136 4 0x0F
18666,11136,1658196258 11136 4 0x0F
18683,11118,1658196275 11118 4 0x0F
18699,11136,1658196291 11136 4 0x0F
18716,11154,1658196308 11154 4 0x0F
18732,11154,1658196324 11154 4 0x0F
18749,11154,1658196341 11154 4 0x0F
18765,11118,1658196357 11118 4 0x0F
18782,11118,1658196374 11118 4 0x0F
18798,11118,1658196390 11118 4 0x0F
18815,11118,1658196407 11118 4 0x0F
18831,11136,1658196423 11136 4 0x0F
18848,11118,1658196440 11118 4 0x0F
18864,11118,1658196456 11118 4 0x0F
18881,11118,1658196473 11118 4 0x0F
18898,11118,1658196490 11118 4 0x0F
18914,11118,1658196506 11118 4 0x0F
18931,11118,1658196523 11118 4 0x0F
18947,11118,1658196539 11118 4 0x0F
18964,11118,1658196556 11118 4 0x0F
18980,11118,1658196572 11118 4 0x0F
18997,11118,1658196589 11118 4 0x0F
19013,11118,1658196605 11118 4 0x0F
19030,11094,1658196622 11094 4 0x0F
19046,11118,1658196638 11118 4 0x0F
19063,11118,1658196655 11118 4 0x0F
19079,11118,1658196671 11118 4 0x0F
19096,11118,1658196688 11118 4 0x0F
19112,11118,1658196704 11118 4 0x0F
19129,11118,1658196721 11118 4 0x0F
19145,11118,1658196737 11118 4 0x0F
19162,11118,1658196754 11118 4 0x0F
19178,11118,1658196770 11118 4 0x0F
19195,11118,1658196787 11118 4 0x0F
19211,11118,1658196803 11118 4 0x0F
19228,11118,1658196820 11118 4 0x0F
19245,11118,1658196837 11118 4 0x0F
19261,11118,1658196853 11118 4 0x0F
19278,11118,1658196870 11118 4 0x0F
19294,11118,1658196886 11118 4 0x0F
19311,11118,1658196903 11118 4 0x0F
19327,11118,1658196919 11118 4 0x0F
19344,11118,1658196936 11118 4 0x0F
19360,11118,1658196952 11118 4 0x0F
19377,11094,1658196969 11094 4 0x0F
19393,11094,1658196985 11094 4 0x0F
19410,11094,1658197002 11094 4 0x0F
19426,11118,1658197018 11118 4 0x0F
19443,11118,1658197035 11118 4 0x0F
19460,11094,1658197052 11094 4 0x0F
19476,11118,1658197068 11118 4 0x0F
19493,11094,1658197085 11094 4 0x0F
19509,11076,1658197101 11076 4 0x0F
19526,11094,1658197118 11094 4 0x0F
19542,11094,1658197134 11094 4 0x0F
19559,11094,1658197151 11094 4 0x0F
19575,11094,1658197167 11094 4 0x0F
19592,11094,1658197184 11094 4 0x0F
19608,11094,1658197200 11094 4 0x0F
19625,11094,1658197217 11094 4 0x0F
19641,11094,1658197233 11094 4 0x0F
19658,11076,1658197250 11076 4 0x0F
19674,11094,1658197266 11094 4 0x0F
19691,11076,1658197283 11076 4 0x0F
19708,11076,1658197300 11076 4 0x0F
19724,11094,1658197316 11094 4 0x0F
19741,11076,1658197333 11076 4 0x0F
19757,11076,1658197349 11076 4 0x0F
19774,11076,1658197366 11076 4 0x0F
19790,11076,1658197382 11076 4 0x0F
19807,11076,1658197399 11076 4 0x0F
19823,11076,1658197415 11076 4 0x0F
19840,11076,1658197432 11076 4 0x0F
19856,11058,1658197448 11058 4 0x0F
19873,11076,1658197465 11076 4 0x0F
19889,11076,1658197481 11076 4 0x0F
19906,11076,1658197498 11076 4 0x0F
19922,11076,1658197514 11076 4 0x0F
19939,11076,1658197531 11076 4 0x0F
19955,11076,1658197547 11076 4 0x0F
19972,11076,1658197564 11076 4 0x0F
19989,11076,1658197581 11076 4 0x0F
20005,11076,1658197597 11076 4 0x0F
20022,11076,1658197614 11076 4 0x0F
20038,11076,1658197630 11076 4 0x0F
20055,11058,1658197647 11058 4 0x0F
20071,11040,1658197663 11040 4 0x0F
20088,11058,1658197680 11058 4 0x0F
20104,11040,1658197696 11040 4 0x0F
20121,11058,1658197713 11058 4 0x0F
20137,11058,1658197729 11058 4 0x0F
20154,11058,1658197746 11058 4 0x0F
20170,11058,1658197762 11058 4 0x0F
20187,11058,1658197779 11058 4 0x0F
20203,11040,1658197795 11040 4 0x0F
20220,11058,1658197812 11058 4 0x0F
20236,11058,1658197828 11058 4 0x0F
20253,11058,1658197845 11058 4 0x0F
20270,11058,1658197862 11058 4 0x0F
20286,11058,1658197878 11058 4 0x0F
20303,11058,1658197895 11058 4 0x0F
20319,11058,1658197911 11058 4 0x0F
20336,11058,1658197928 11058 4 0x0F
20352,11040,1658197944 11040 4 0x0F
20369,11040,1658197961 11040 4 0x0F
20385,11040,1658197977 11040 4 0x0F
20402,11040,1658197994 11040 4 0x0F
20418,11040,1658198010 11040 4 0x0F
20435,11040,1658198027 11040 4 0x0F
20451,11040,1658198043 11040 4 0x0F
20468,11040,1658198060 11040 4 0x0F
20484,11040,1658198076 11040 4 0x0F
20501,11040,1658198093 11040 4 0x0F
20518,11040,1658198110 11040 4 0x0F
20534,11016,1658198126 11016 4 0x0F
20551,11040,1658198143 11040 4 0x0F
20567,11040,1658198159 11040 4 0x0F
20584,11040,1658198176 11040 4 0x0F
20600,11016,1658198192 11016 4 0x0F
20617,11040,1658198209 11040 4 0x0F
20633,11040,1658198225 11040 4 0x0F
20650,11040,1658198242 11040 4 0x0F
20666,11040,1658198258 11040 4 0x0F
20683,11040,1658198275 11040 4 0x0F
20699,11040,1658198291 11040 4 0x0F
20716,11040,1658198308 11040 4 0x0F
20732,11040,1658198324 11040 4 0x0F
20749,11040,1658198341 11040 4 0x0F
20766,11040,1658198358 11040 4 0x0F
20782,11040,1658198374 11040 4 0x0F
20799,11016,1658198391 11016 4 0x0F
20815,11040,1658198407 11040 4 0x0F
20832,11016,1658198424 11016 4 0x0F
20848,11016,1658198440 11016 4 0x0F
20865,11016,1658198457 11016 4 0x0F
20881,11040,1658198473 11040 4 0x0F
20898,11040,1658198490 11040 4 0x0F
20914,10998,1658198506 10998 4 0x0F
20931,11016,1658198523 11016 4 0x0F
20947,11016,1658198539 11016 4 0x0F
20964,11016,1658198556 11016 4 0x0F
20980,11016,1658198572 11016 4 0x0F
20997,11016,1658198589 11016 4 0x0F
21014,11016,1658198606 11016 4 0x0F
21030,11016,1658198622 11016 4 0x0F
21047,11016,1658198639 11016 4 0x0F
21063,11016,1658198655 11016 4 0x0F
21080,11016,1658198672 11016 4 0x0F
21096,10998,1658198688 10998 4 0x0F
21113,11016,1658198705 11016 4 0x0F
21129,11016,1658198721 11016 4 0x0F
21146,11016,1658198738 11016 4 0x0F
21162,10998,1658198754 10998 4 0x0F
21179,11016,1658198771 11016 4 0x0F
21195,10998,1658198787 10998 4 0x0F
21212,11016,1658198804 11016 4 0x0F
21229,10998,1658198821 10998 4 0x0F
21245,10980,1658198837 10980 4 0x0F
21262,10998,1658198854 10998 4 0x0F
21278,10998,1658198870 10998 4 0x0F
21295,10998,1658198887 10998 4 0x0F
21311,10998,1658198903 10998 4 0x0F
21328,10998,1658198920 10998 4 0x0F
21344,10998,1658198936 10998 4 0x0F
21361,10998,1658198953 10998 4 0x0F
21377,10998,1658198969 10998 4 0x0F
21394,10998,1658198986 10998 4 0x0F
21410,10998,1658199002 10998 4 0x0F
21427,10998,1658199019 10998 4 0x0F
21443,10998,1658199035 10998 4 0x0F
21460,10998,1658199052 10998 4 0x0F
21477,10980,1658199069 10980 4 0x0F
21493,10980,1658199085 10980 4 0x0F
21510,10998,1658199102 10998 4 0x0F
21526,10998,1658199118 10998 4 0x0F
21543,10980,1658199135 10980 4 0x0F
21559,10998,1658199151 10998 4 0x0F
21576,10998,1658199168 10998 4 0x0F
21592,10980,1658199184 10980 4 0x0F
21609,10980,1658199201 10980 4 0x0F
21625,10998,1658199217 10998 4 0x0F
21642,10980,1658199234 10980 4 0x0F
21675,10980,1658199267 10980 4 0x0F
21692,10980,1658199284 10980 4 0x0F
21708,10980,1658199300 10980 4 0x0F
21725,10980,1658199317 10980 4 0x0F
21741,10980,1658199333 10980 4 0x0F
21758,10980,1658199350 10980 4 0x0F
21774,10980,1658199366 10980 4 0x0F
21791,10980,1658199383 10980 4 0x0F
21807,10962,1658199399 10962 3 0x0E
21824,10980,1658199416 10980 4 0x0F
21840,10980,1658199432 10980 4 0x0F
21857,10962,1658199449 10962 3 0x0E
21873,10962,1658199465 10962 3 0x0E
21890,10962,1658199482 10962 3 0x0E
21907,10962,1658199499 10962 3 0x0E
21923,10962,1658199515 10962 3 0x0E
21940,10962,1658199532 10962 3 0x0E
21956,10962,1658199548 10962 3 0x0E
21973,10962,1658199565 10962 3 0x0E
21989,10962,1658199581 10962 3 0x0E
22006,10962,1658199598 10962 3 0x0E
22022,10962,1658199614 10962 3 0x0E
22039,10962,1658199631 10962 3 0x0E
22055,10962,1658199647 10962 3 0x0E
22072,10962,1658199664 10962 3 0x0E
22088,10962,1658199680 10962 3 0x0E
22105,10962,1658199697 10962 3 0x0E
22121,10962,1658199713 10962 3 0x0E
22138,10962,1658199730 10962 3 0x0E
22155,10962,1658199747 10962 3 0x0E
22171,10962,1658199763 10962 3 0x0E
22188,10962,1658199780 10962 3 0x0E
22204,10962,1658199796 10962 3 0x0E
22221,10944,1658199813 10944 3 0x0E
22237,10962,1658199829 10962 3 0x0E
22254,10962,1658199846 10962 3 0x0E
22270,10944,1658199862 10944 3 0x0E
22287,10944,1658199879 10944 3 0x0E
22303,10944,1658199895 10944 3 0x0E
22320,10962,1658199912 10962 3 0x0E
22336,10962,1658199928 10962 3 0x0E
22353,10944,1658199945 10944 3 0x0E
22370,10962,1658199962 10962 3 0x0E
22386,10962,1658199978 10962 3 0x0E
22403,10962,1658199995 10962 3 0x0E
22419,10920,1658200011 10920 3 0x0E
22436,10944,1658200028 10944 3 0x0E
22452,10944,1658200044 10944 3 0x0E
22469,10944,1658200061 10944 3 0x0E
22485,10920,1658200077 10920 3 0x0E
22502,10944,1658200094 10944 3 0x0E
22518,10944,1658200110 10944 3 0x0E
22535,10962,1658200127 10962 3 0x0E
22551,10944,1658200143 10944 3 0x0E
22568,10944,1658200160 10944 3 0x0E
22585,10944,1658200177 10944 3 0x0E
22601,10944,1658200193 10944 3 0x0E
22618,10944,1658200210 10944 3 0x0E
22634,10920,1658200226 10920 3 0x0E
22651,10944,1658200243 10944 3 0x0E
22667,10944,1658200259 10944 3 0x0E
22684,10944,1658200276 10944 3 0x0E
22700,10944,1658200292 10944 3 0x0E
22717,10920,1658200309 10920 3 0x0E
22733,10920,1658200325 10920 3 0x0E
22750,10920,1658200342 10920 3 0x0E
22767,10944,1658200359 10944 3 0x0E
22783,10944,1658200375 10944 3 0x0E
22800,10902,1658200392 10902 3 0x0E
22816,10920,1658200408 10920 3 0x0E
22833,10920,1658200425 10920 3 0x0E
22849,10920,1658200441 10920 3 0x0E
22866,10920,1658200458 10920 3 0x0E
22882,10920,1658200474 10920 3 0x0E
22899,10920,1658200491 10920 3 0x0E
22915,10920,1658200507 10920 3 0x0E
22932,10920,1658200524 10920 3 0x0E
22948,10920,1658200540 10920 3 0x0E
22965,10920,1658200557 10920 3 0x0E
22982,10920,1658200574 10920 3 0x0E
22998,10920,1658200590 10920 3 0x0E
23015,10920,1658200607 10920 3 0x0E
23031,10920,1658200623 10920 3 0x0E
23048,10920,1658200640 10920 3 0x0E
23064,10920,1658200656 10920 3 0x0E
23081,10902,1658200673 10902 3 0x0E
23097,10920,1658200689 10920 3 0x0E
23114,10920,1658200706 10920 3 0x0E
23130,10920,1658200722 10920 3 0x0E
23147,10920,1658200739 10920 3 0x0E
23163,10920,1658200755 10920 3 0x0E
23180,10920,1658200772 10920 3 0x0E
23197,10920,1658200789 10920 3 0x0E
23213,10902,1658200805 10902 3 0x0E
23230,10902,1658200822 10902 3 0x0E
23246,10920,1658200838 10920 3 0x0E
23263,10902,1658200855 10902 3 0x0E
23279,10902,1658200871 10902 3 0x0E
23296,10902,1658200888 10902 3 0x0E
23312,10902,1658200904 10902 3 0x0E
23329,10902,1658200921 10902 3 0x0E
23345,10884,1658200937 10884 3 0x0E
23362,10920,1658200954 10920 3 0x0E
23378,10902,1658200970 10902 3 0x0E
23395,10902,1658200987 10902 3 0x0E
23411,10902,1658201003 10902 3 0x0E
23428,10902,1658201020 10902 3 0x0E
23445,10902,1658201037 10902 3 0x0E
23461,10902,1658201053 10902 3 0x0E
23478,10902,1658201070 10902 3 0x0E
23494,10902,1658201086 10902 3 0x0E
23511,10902,1658201103 10902 3 0x0E
23527,10884,1658201119 10884 3 0x0E
23544,10902,1658201136 10902 3 0x0E
23560,10884,1658201152 10884 3 0x0E
23577,10902,1658201169 10902 3 0x0E
23593,10902,1658201185 10902 3 0x0E
23610,10884,1658201202 10884 3 0x0E
23627,10884,1658201219 10884 3 0x0E
23643,10902,1658201235 10902 3 0x0E
23660,10884,1658201252 10884 3 0x0E
23676,10884,1658201268 10884 3 0x0E
23693,10884,1658201285 10884 3 0x0E
23709,10884,1658201301 10884 3 0x0E
23726,10884,1658201318 10884 3 0x0E
23742,10884,1658201334 10884 3 0x0E
23759,10884,1658201351 10884 3 0x0E
23775,10884,1658201367 10884 3 0x0E
23792,10884,1658201384 10884 3 0x0E
23809,10884,1658201401 10884 3 0x0E
23825,10884,1658201417 10884 3 0x0E
23842,10884,1658201434 10884 3 0x0E
23858,10884,1658201450 10884 3 0x0E
23875,10884,1658201467 10884 3 0x0E
23891,10884,1658201483 10884 3 0x0E
23908,10884,1658201500 10884 3 0x0E
23924,10884,1658201516 10884 3 0x0E
23941,10884,1658201533 10884 3 0x0E
23957,10884,1658201549 10884 3 0x0E
23974,10884,1658201566 10884 3 0x0E
23991,10884,1658201583 10884 3 0x0E
24007,10884,1658201599 10884 3 0x0E
24024,10884,1658201616 10884 3 0x0E
24040,10884,1658201632 10884 3 0x0E
24057,10884,1658201649 10884 3 0x0E
24073,10884,1658201665 10884 3 0x0E
24090,10884,1658201682 10884 3 0x0E
24106,10884,1658201698 10884 3 0x0E
24123,10884,1658201715 10884 3 0x0E
24139,10884,1658201731 10884 3 0x0E
24156,10884,1658201748 10884 3 0x0E
24173,10884,1658201765 10884 3 0x0E
24189,10884,1658201781 10884 3 0x0E
24206,10884,1658201798 10884 3 0x0E
24222,10884,1658201814 10884 3 0x0E
24239,10884,1658201831 10884 3 0x0E
24255,10866,1658201847 10866 3 0x0E
24272,10884,1658201864 10884 3 0x0E
24288,10884,1658201880 10884 3 0x0E
24305,10866,1658201897 10866 3 0x0E
24321,10866,1658201913 10866 3 0x0E
24338,10866,1658201930 10866 3 0x0E
24354,10842,1658201946 10842 3 0x0E
24371,10866,1658201963 10866 3 0x0E
24388,10866,1658201980 10866 3 0x0E
24404,10866,1658201996 10866 3 0x0E
24421,10884,1658202013 10884 3 0x0E
24437,10866,1658202029 10866 3 0x0E
24454,10866,1658202046 10866 3 0x0E
24470,10866,1658202062 10866 3 0x0E
24487,10866,1658202079 10866 3 0x0E
24503,10866,1658202095 10866 3 0x0E
24520,10866,1658202112 10866 3 0x0E
24536,10842,1658202128 10842 3 0x0E
24553,10866,1658202145 10866 3 0x0E
24569,10842,1658202161 10842 3 0x0E
24586,10866,1658202178 10866 3 0x0E
24602,10842,1658202194 10842 3 0x0E
24619,10866,1658202211 10866 3 0x0E
24636,10842,1658202228 10842 3 0x0E
24652,10842,1658202244 10842 3 0x0E
24669,10866,1658202261 10866 3 0x0E
24685,10842,1658202277 10842 3 0x0E
24702,10842,1658202294 10842 3 0x0E
24718,10842,1658202310 10842 3 0x0E
24735,10842,1658202327 10842 3 0x0E
24751,10842,1658202343 10842 3 0x0E
24768,10842,1658202360 10842 3 0x0E
24784,10842,1658202376 10842 3 0x0E
24801,10842,1658202393 10842 3 0x0E
24817,10842,1658202409 10842 3 0x0E
24834,10842,1658202426 10842 3 0x0E
24851,10842,1658202443 10842 3 0x0E
24867,10842,1658202459 10842 3 0x0E
24884,10842,1658202476 10842 3 0x0E
24900,10842,1658202492 10842 3 0x0E
24917,10842,1658202509 10842 3 0x0E
24933,10842,1658202525 10842 3 0x0E
24950,10842,1658202542 10842 3 0x0E
24966,10842,1658202558 10842 3 0x0E
24983,10842,1658202575 10842 3 0x0E
24999,10842,1658202591 10842 3 0x0E
25016,10842,1658202608 10842 3 0x0E
25032,10806,1658202624 10806 3 0x0E
25049,10842,1658202641 10842 3 0x0E
25066,10842,1658202658 10842 3 0x0E
25082,10842,1658202674 10842 3 0x0E
25099,10842,1658202691 10842 3 0x0E
25115,10842,1658202707 10842 3 0x0E
25132,10842,1658202724 10842 3 0x0E
25148,10824,1658202740 10824 3 0x0E
25165,10842,1658202757 10842 3 0x0E
25181,10824,1658202773 10824 3 0x0E
25198,10824,1658202790 10824 3 0x0E
25214,10842,1658202806 10842 3 0x0E
25231,10842,1658202823 10842 3 0x0E
25247,10824,1658202839 10824 3 0x0E
25264,10842,1658202856 10842 3 0x0E
25281,10842,1658202873 10842 3 0x0E
25297,10824,1658202889 10824 3 0x0E
25314,10824,1658202906 10824 3 0x0E
25330,10842,1658202922 10842 3 0x0E
25347,10824,1658202939 10824 3 0x0E
25363,10824,1658202955 10824 3 0x0E
25380,10824,1658202972 10824 3 0x0E
25396,10806,1658202988 10806 3 0x0E
25413,10824,1658203005 10824 3 0x0E
25429,10824,1658203021 10824 3 0x0E
25446,10824,1658203038 10824 3 0x0E
25462,10806,1658203054 10806 3 0x0E
25479,10806,1658203071 10806 3 0x0E
25496,10824,1658203088 10824 3 0x0E
25512,10824,1658203104 10824 3 0x0E
25529,10824,1658203121 10824 3 0x0E
25545,10806,1658203137 10806 3 0x0E
25562,10806,1658203154 10806 3 0x0E
25578,10824,1658203170 10824 3 0x0E
25595,10806,1658203187 10806 3 0x0E
25611,10806,1658203203 10806 3 0x0E
25628,10806,1658203220 10806 3 0x0E
25644,10806,1658203236 10806 3 0x0E
25661,10806,1658203253 10806 3 0x0E
25677,10806,1658203269 10806 3 0x0E
25694,10824,1658203286 10824 3 0x0E
25711,10806,1658203303 10806 3 0x0E
25727,10806,1658203319 10806 3 0x0E
25744,10806,1658203336 10806 3 0x0E
25760,10806,1658203352 10806 3 0x0E
25777,10806,1658203369 10806 3 0x0E
25793,10806,1658203385 10806 3 0x0E
25810,10806,1658203402 10806 3 0x0E
25826,10806,1658203418 10806 3 0x0E
25843,10806,1658203435 10806 3 0x0E
25859,10806,1658203451 10806 3 0x0E
25876,10806,1658203468 10806 3 0x0E
25893,10788,1658203485 10788 3 0x0E
25909,10806,1658203501 10806 3 0x0E
25926,10806,1658203518 10806 3 0x0E
25942,10806,1658203534 10806 3 0x0E
25959,10806,1658203551 10806 3 0x0E
25975,10806,1658203567 10806 3 0x0E
25992,10806,1658203584 10806 3 0x0E
26008,10806,1658203600 10806 3 0x0E
26025,10806,1658203617 10806 3 0x0E
26041,10806,1658203633 10806 3 0x0E
26058,10806,1658203650 10806 3 0x0E
26074,10806,1658203666 10806 3 0x0E
26091,10806,1658203683 10806 3 0x0E
26108,10788,1658203700 10788 3 0x0E
26124,10806,1658203716 10806 3 0x0E
26141,10806,1658203733 10806 3 0x0E
26157,10806,1658203749 10806 3 0x0E
26174,10806,1658203766 10806 3 0x0E
26190,10806,1658203782 10806 3 0x0E
26207,10806,1658203799 10806 3 0x0E
26223,10788,1658203815 10788 3 0x0E
26240,10806,1658203832 10806 3 0x0E
26256,10806,1658203848 10806 3 0x0E
26273,10806,1658203865 10806 3 0x0E
26289,10806,1658203881 10806 3 0x0E
26306,10806,1658203898 10806 3 0x0E
26322,10806,1658203914 10806 3 0x0E
26339,10788,1658203931 10788 3 0x0E
26355,10806,1658203947 10806 3 0x0E
26372,10806,1658203964 10806 3 0x0E
26389,10806,1658203981 10806 3 0x0E
26405,10788,1658203997 10788 3 0x0E
26422,10788,1658204014 10788 3 0x0E
26438,10788,1658204030 10788 3 0x0E
26455,10806,1658204047 10806 3 0x0E
26471,10788,1658204063 10788 3 0x0E
26488,10770,1658204080 10770 3 0x0E
26504,10788,1658204096 10788 3 0x0E
26521,10788,1658204113 10788 3 0x0E
26537,10806,1658204129 10806 3 0x0E
26554,10788,1658204146 10788 3 0x0E
26571,10806,1658204163 10806 3 0x0E
26587,10788,1658204179 10788 3 0x0E
26604,10788,1658204196 10788 3 0x0E
26620,10788,1658204212 10788 3 0x0E
26637,10788,1658204229 10788 3 0x0E
26653,10788,1658204245 10788 3 0x0E
26670,10788,1658204262 10788 3 0x0E
26686,10788,1658204278 10788 3 0x0E
26703,10788,1658204295 10788 3 0x0E
26719,10788,1658204311 10788 3 0x0E
26736,10788,1658204328 10788 3 0x0E
26753,10788,1658204345 10788 3 0x0E
26769,10770,1658204361 10770 3 0x0E
26786,10788,1658204378 10788 3 0x0E
26802,10788,1658204394 10788 3 0x0E
26819,10770,1658204411 10770 3 0x0E
26835,10770,1658204427 10770 3 0x0E
26852,10770,1658204444 10770 3 0x0E
26868,10788,1658204460 10788 3 0x0E
26885,10770,1658204477 10770 3 0x0E
26901,10770,1658204493 10770 3 0x0E
26918,10770,1658204510 10770 3 0x0E
26934,10770,1658204526 10770 3 0x0E
26951,10770,1658204543 10770 3 0x0E
26968,10770,1658204560 10770 3 0x0E
26984,10770,1658204576 10770 3 0x0E
27001,10770,1658204593 10770 3 0x0E
27017,10770,1658204609 10770 3 0x0E
27034,10770,1658204626 10770 3 0x0E
27050,10770,1658204642 10770 3 0x0E
27067,10770,1658204659 10770 3 0x0E
27083,10770,1658204675 10770 3 0x0E
27100,10770,1658204692 10770 3 0x0E
27116,10746,1658204708 10746 3 0x0E
27133,10770,1658204725 10770 3 0x0E
27149,10770,1658204741 10770 3 0x0E
27166,10770,1658204758 10770 3 0x0E
27183,10746,1658204775 10746 3 0x0E
27199,10770,1658204791 10770 3 0x0E
27216,10770,1658204808 10770 3 0x0E
27232,10770,1658204824 10770 3 0x0E
27249,10770,1658204841 10770 3 0x0E
27265,10770,1658204857 10770 3 0x0E
27282,10770,1658204874 10770 3 0x0E
27298,10770,1658204890 10770 3 0x0E
27315,10770,1658204907 10770 3 0x0E
27331,10746,1658204923 10746 3 0x0E
27348,10746,1658204940 10746 3 0x0E
27364,10770,1658204956 10770 3 0x0E
27381,10746,1658204973 10746 3 0x0E
27398,10770,1658204990 10770 3 0x0E
27414,10770,1658205006 10770 3 0x0E
27431,10746,1658205023 10746 3 0x0E
27447,10746,1658205039 10746 3 0x0E
27464,10746,1658205056 10746 3 0x0E
27480,10728,1658205072 10728 3 0x0E
27497,10770,1658205089 10770 3 0x0E
27513,10746,1658205105 10746 3 0x0E
27530,10770,1658205122 10770 3 0x0E
27546,10770,1658205138 10770 3 0x0E
27563,10746,1658205155 10746 3 0x0E
27580,10746,1658205172 10746 3 0x0E
27596,10746,1658205188 10746 3 0x0E
27613,10746,1658205205 10746 3 0x0E
27629,10770,1658205221 10770 3 0x0E
27646,10746,1658205238 10746 3 0x0E
27662,10746,1658205254 10746 3 0x0E
27679,10746,1658205271 10746 3 0x0E
27695,10770,1658205287 10770 3 0x0E
27712,10746,1658205304 10746 3 0x0E
27728,10746,1658205320 10746 3 0x0E
27745,10728,1658205337 10728 3 0x0E
27762,10746,1658205354 10746 3 0x0E
27778,10746,1658205370 10746 3 0x0E
27795,10746,1658205387 10746 3 0x0E
27811,10746,1658205403 10746 3 0x0E
27828,10746,1658205420 10746 3 0x0E
27844,10728,1658205436 10728 3 0x0E
27861,10728,1658205453 10728 3 0x0E
27877,10746,1658205469 10746 3 0x0E
27894,10746,1658205486 10746 3 0x0E
27910,10746,1658205502 10746 3 0x0E
27927,10728,1658205519 10728 3 0x0E
27944,10728,1658205536 10728 3 0x0E
27960,10728,1658205552 10728 3 0x0E
27977,10746,1658205569 10746 3 0x0E
27993,10728,1658205585 10728 3 0x0E
28010,10728,1658205602 10728 3 0x0E
28026,10728,1658205618 10728 3 0x0E
28043,10728,1658205635 10728 3 0x0E
28059,10728,1658205651 10728 3 0x0E
28076,10728,1658205668 10728 3 0x0E
28092,10728,1658205684 10728 3 0x0E
28109,10728,1658205701 10728 3 0x0E
28126,10728,1658205718 10728 3 0x0E
28142,10728,1658205734 10728 3 0x0E
28159,10728,1658205751 10728 3 0x0E
28175,10728,1658205767 10728 3 0x0E
28192,10728,1658205784 10728 3 0x0E
28208,10710,1658205800 10710 3 0x0E
28225,10728,1658205817 10728 3 0x0E
28241,10728,1658205833 10728 3 0x0E
28258,10728,1658205850 10728 3 0x0E
28274,10728,1658205866 10728 3 0x0E
28291,10728,1658205883 10728 3 0x0E
28307,10728,1658205899 10728 3 0x0E
28324,10710,1658205916 10710 3 0x0E
28341,10728,1658205933 10728 3 0x0E
28357,10728,1658205949 10728 3 0x0E
28374,10728,1658205966 10728 3 0x0E
28390,10728,1658205982 10728 3 0x0E
28407,10728,1658205999 10728 3 0x0E
28423,10728,1658206015 10728 3 0x0E
28440,10728,1658206032 10728 3 0x0E
28456,10710,1658206048 10710 3 0x0E
28473,10728,1658206065 10728 3 0x0E
28489,10728,1658206081 10728 3 0x0E
28506,10728,1658206098 10728 3 0x0E
28523,10710,1658206115 10710 3 0x0E
28539,10710,1658206131 10710 3 0x0E
28556,10710,1658206148 10710 3 0x0E
28572,10728,1658206164 10728 3 0x0E
28589,10728,1658206181 10728 3 0x0E
28605,10710,1658206197 10710 3 0x0E
28622,10728,1658206214 10728 3 0x0E
28638,10710,1658206230 10710 3 0x0E
28655,10710,1658206247 10710 3 0x0E
28671,10728,1658206263 10728 3 0x0E
28688,10710,1658206280 10710 3 0x0E
28704,10710,1658206296 10710 3 0x0E
28721,10710,1658206313 10710 3 0x0E
28738,10692,1658206330 10692 3 0x0E
28754,10728,1658206346 10728 3 0x0E
28771,10710,1658206363 10710 3 0x0E
28787,10710,1658206379 10710 3 0x0E
28804,10692,1658206396 10692 3 0x0E
28820,10692,1658206412 10692 3 0x0E
28837,10710,1658206429 10710 3 0x0E
28853,10710,1658206445 10710 3 0x0E
28870,10710,1658206462 10710 3 0x0E
28886,10710,1658206478 10710 3 0x0E
28903,10710,1658206495 10710 3 0x0E
28919,10710,1658206511 10710 3 0x0E
28936,10692,1658206528 10692 3 0x0E
28953,10692,1658206545 10692 3 0x0E
28969,10710,1658206561 10710 3 0x0E
28986,10692,1658206578 10692 3 0x0E
29002,10692,1658206594 10692 3 0x0E
29019,10710,1658206611 10710 3 0x0E
29035,10710,1658206627 10710 3 0x0E
29052,10692,1658206644 10692 3 0x0E
29068,10710,1658206660 10710 3 0x0E
29085,10710,1658206677 10710 3 0x0E
29101,10692,1658206693 10692 3 0x0E
29118,10710,1658206710 10710 3 0x0E
29135,10710,1658206727 10710 3 0x0E
29151,10692,1658206743 10692 3 0x0E
29168,10692,1658206760 10692 3 0x0E
29184,10692,1658206776 10692 3 0x0E
29201,10692,1658206793 10692 3 0x0E
29217,10692,1658206809 10692 3 0x0E
29234,10692,1658206826 10692 3 0x0E
29250,10692,1658206842 10692 3 0x0E
29267,10692,1658206859 10692 3 0x0E
29283,10692,1658206875 10692 3 0x0E
29300,10692,1658206892 10692 3 0x0E
29316,10692,1658206908 10692 3 0x0E
29333,10692,1658206925 10692 3 0x0E
29350,10692,1658206942 10692 3 0x0E
29366,10692,1658206958 10692 3 0x0E
29383,10692,1658206975 10692 3 0x0E
29399,10692,1658206991 10692 3 0x0E
29416,10692,1658207008 10692 3 0x0E
29432,10692,1658207024 10692 3 0x0E
29449,10692,1658207041 10692 3 0x0E
29465,10692,1658207057 10692 3 0x0E
29482,10692,1658207074 10692 3 0x0E
29498,10692,1658207090 10692 3 0x0E
29515,10692,1658207107 10692 3 0x0E
29531,10668,1658207123 10668 3 0x0E
29548,10650,1658207140 10650 3 0x0E
29564,10692,1658207156 10692 3 0x0E
29581,10668,1658207173 10668 3 0x0E
29598,10692,1658207190 10692 3 0x0E
29614,10668,1658207206 10668 3 0x0E
29631,10668,1658207223 10668 3 0x0E
29647,10692,1658207239 10692 3 0x0E
29664,10692,1658207256 10692 3 0x0E
29680,10692,1658207272 10692 3 0x0E
29697,10692,1658207289 10692 3 0x0E
29713,10692,1658207305 10692 3 0x0E
29730,10668,1658207322 10668 3 0x0E
29746,10668,1658207338 10668 3 0x0E
29763,10668,1658207355 10668 3 0x0E
29779,10668,1658207371 10668 3 0x0E
29796,10668,1658207388 10668 3 0x0E
29812,10668,1658207404 10668 3 0x0E
29829,10668,1658207421 10668 3 0x0E
29845,10668,1658207437 10668 3 0x0E
29862,10668,1658207454 10668 3 0x0E
29879,10668,1658207471 10668 3 0x0E
29895,10650,1658207487 10650 3 0x0E
29912,10668,1658207504 10668 3 0x0E
29928,10668,1658207520 10668 3 0x0E
29945,10668,1658207537 10668 3 0x0E
29961,10668,1658207553 10668 3 0x0E
29978,10668,1658207570 10668 3 0x0E
29994,10668,1658207586 10668 3 0x0E
30011,10668,1658207603 10668 3 0x0E
30027,10650,1658207619 10650 3 0x0E
30044,10650,1658207636 10650 3 0x0E
30061,10650,1658207653 10650 3 0x0E
30077,10650,1658207669 10650 3 0x0E
30094,10650,1658207686 10650 3 0x0E
30110,10650,1658207702 10650 3 0x0E
30127,10650,1658207719 10650 3 0x0E
30143,10650,1658207735 10650 3 0x0E
30160,10650,1658207752 10650 3 0x0E
30176,10650,1658207768 10650 3 0x0E
30193,10650,1658207785 10650 3 0x0E
30210,10650,1658207802 10650 3 0x0E
30226,10650,1658207818 10650 3 0x0E
30243,10650,1658207835 10650 3 0x0E
30259,10650,1658207851 10650 3 0x0E
30276,10650,1658207868 10650 3 0x0E
30292,10650,1658207884 10650 3 0x0E
30309,10650,1658207901 10650 3 0x0E
30325,10650,1658207917 10650 3 0x0E
30342,10650,1658207934 10650 3 0x0E
30358,10650,1658207950 10650 3 0x0E
30375,10650,1658207967 10650 3 0x0E
30391,10650,1658207983 10650 3 0x0E
30408,10650,1658208000 10650 3 0x0E
30424,10650,1658208016 10650 3 0x0E
30441,10650,1658208033 10650 3 0x0E
30458,10650,1658208050 10650 3 0x0E
30474,10650,1658208066 10650 3 0x0E
30491,10650,1658208083 10650 3 0x0E
30507,10650,1658208099 10650 3 0x0E
30524,10632,1658208116 10632 3 0x0E
30540,10650,1658208132 10650 3 0x0E
30557,10650,1658208149 10650 3 0x0E
30573,10650,1658208165 10650 3 0x0E
30590,10650,1658208182 10650 3 0x0E
30607,10614,1658208199 10614 2 0x0C
30623,10632,1658208215 10632 3 0x0E
30640,10632,1658208232 10632 3 0x0E
30656,10650,1658208248 10650 3 0x0E
30673,10632,1658208265 10632 3 0x0E
30689,10632,1658208281 10632 3 0x0E
30706,10632,1658208298 10632 3 0x0E
30722,10632,1658208314 10632 3 0x0E
30739,10632,1658208331 10632 3 0x0E
30755,10632,1658208347 10632 3 0x0E
30772,10632,1658208364 10632 3 0x0E
30788,10632,1658208380 10632 3 0x0E
30805,10614,1658208397 10614 2 0x0C
30822,10632,1658208414 10632 3 0x0E
30838,10614,1658208430 10614 2 0x0C
30855,10632,1658208447 10632 3 0x0E
30871,10632,1658208463 10632 3 0x0E
30888,10614,1658208480 10614 2 0x0C
30904,10632,1658208496 10632 3 0x0E
30921,10632,1658208513 10632 3 0x0E
30937,10614,1658208529 10614 2 0x0C
30954,10614,1658208546 10614 2 0x0C
30970,10614,1658208562 10614 2 0x0C
30987,10632,1658208579 10632 3 0x0E
31003,10614,1658208595 10614 2 0x0C
31020,10614,1658208612 10614 2 0x0C
31036,10614,1658208628 10614 2 0x0C
31053,10614,1658208645 10614 2 0x0C
31070,10614,1658208662 10614 2 0x0C
31086,10614,1658208678 10614 2 0x0C
31103,10614,1658208695 10614 2 0x0C
31119,10614,1658208711 10614 2 0x0C
31136,10614,1658208728 10614 2 0x0C
31152,10614,1658208744 10614 2 0x0C
31169,10614,1658208761 10614 2 0x0C
31185,10614,1658208777 10614 2 0x0C
31202,10614,1658208794 10614 2 0x0C
31218,10614,1658208810 10614 2 0x0C
31235,10614,1658208827 10614 2 0x0C
31251,10614,1658208843 10614 2 0x0C
31268,10614,1658208860 10614 2 0x0C
31285,10614,1658208877 10614 2 0x0C
31301,10614,1658208893 10614 2 0x0C
31318,10614,1658208910 10614 2 0x0C
31334,10614,1658208926 10614 2 0x0C
31351,10614,1658208943 10614 2 0x0C
31367,10614,1658208959 10614 2 0x0C
31384,10596,1658208976 10596 2 0x0C
31400,10614,1658208992 10614 2 0x0C
31417,10596,1658209009 10596 2 0x0C
31433,10614,1658209025 10614 2 0x0C
31450,10596,1658209042 10596 2 0x0C
31466,10596,1658209058 10596 2 0x0C
31483,10596,1658209075 10596 2 0x0C
31499,10596,1658209091 10596 2 0x0C
31516,10596,1658209108 10596 2 0x0C
31533,10596,1658209125 10596 2 0x0C
31549,10596,1658209141 10596 2 0x0C
31566,10596,1658209158 10596 2 0x0C
31582,10596,1658209174 10596 2 0x0C
31599,10596,1658209191 10596 2 0x0C
31615,10572,1658209207 10572 2 0x0C
31632,10596,1658209224 10596 2 0x0C
31648,10572,1658209240 10572 2 0x0C
31665,10572,1658209257 10572 2 0x0C
31681,10596,1658209273 10596 2 0x0C
31698,10572,1658209290 10572 2 0x0C
31715,10596,1658209307 10596 2 0x0C
31731,10572,1658209323 10572 2 0x0C
31748,10572,1658209340 10572 2 0x0C
31764,10572,1658209356 10572 2 0x0C
31781,10572,1658209373 10572 2 0x0C
31797,10572,1658209389 10572 2 0x0C
31814,10572,1658209406 10572 2 0x0C
31830,10572,1658209422 10572 2 0x0C
31847,10572,1658209439 10572 2 0x0C
31863,10572,1658209455 10572 2 0x0C
31880,10572,1658209472 10572 2 0x0C
31897,10572,1658209489 10572 2 0x0C
31913,10572,1658209505 10572 2 0x0C
31930,10572,1658209522 10572 2 0x0C
31946,10572,1658209538 10572 2 0x0C
31963,10572,1658209555 10572 2 0x0C
31979,10572,1658209571 10572 2 0x0C
31996,10572,1658209588 10572 2 0x0C
32012,10572,1658209604 10572 2 0x0C
32029,10554,1658209621 10554 2 0x0C
32045,10554,1658209637 10554 2 0x0C
32062,10572,1658209654 10572 2 0x0C
32079,10554,1658209671 10554 2 0x0C
32095,10554,1658209687 10554 2 0x0C
32112,10554,1658209704 10554 2 0x0C
32128,10554,1658209720 10554 2 0x0C
32145,10554,1658209737 10554 2 0x0C
32161,10554,1658209753 10554 2 0x0C
32178,10536,1658209770 10536 2 0x0C
32194,10554,1658209786 10554 2 0x0C
32211,10554,1658209803 10554 2 0x0C
32227,10554,1658209819 10554 2 0x0C
32244,10554,1658209836 10554 2 0x0C
32261,10554,1658209853 10554 2 0x0C
32277,10554,1658209869 10554 2 0x0C
32294,10554,1658209886 10554 2 0x0C
32310,10554,1658209902 10554 2 0x0C
32327,10554,1658209919 10554 2 0x0C
32343,10554,1658209935 10554 2 0x0C
32360,10554,1658209952 10554 2 0x0C
32376,10554,1658209968 10554 2 0x0C
32393,10536,1658209985 10536 2 0x0C
32409,10536,1658210001 10536 2 0x0C
32426,10536,1658210018 10536 2 0x0C
32443,10536,1658210035 10536 2 0x0C
32459,10536,1658210051 10536 2 0x0C
32476,10536,1658210068 10536 2 0x0C
32492,10536,1658210084 10536 2 0x0C
32509,10536,1658210101 10536 2 0x0C
32525,10536,1658210117 10536 2 0x0C
32542,10536,1658210134 10536 2 0x0C
32558,10536,1658210150 10536 2 0x0C
32575,10536,1658210167 10536 2 0x0C
32591,10536,1658210183 10536 2 0x0C
32608,10536,1658210200 10536 2 0x0C
32625,10536,1658210217 10536 2 0x0C
32641,10494,1658210233 10494 2 0x0C
32658,10536,1658210250 10536 2 0x0C
32674,10536,1658210266 10536 2 0x0C
32691,10536,1658210283 10536 2 0x0C
32707,10536,1658210299 10536 2 0x0C
32724,10494,1658210316 10494 2 0x0C
32740,10518,1658210332 10518 2 0x0C
32757,10536,1658210349 10536 2 0x0C
32774,10536,1658210366 10536 2 0x0C
32790,10536,1658210382 10536 2 0x0C
32807,10494,1658210399 10494 2 0x0C
32823,10518,1658210415 10518 2 0x0C
32840,10518,1658210432 10518 2 0x0C
32856,10518,1658210448 10518 2 0x0C
32873,10518,1658210465 10518 2 0x0C
32889,10536,1658210481 10536 2 0x0C
32906,10518,1658210498 10518 2 0x0C
32922,10518,1658210514 10518 2 0x0C
32939,10518,1658210531 10518 2 0x0C
32955,10494,1658210547 10494 2 0x0C
32972,10518,1658210564 10518 2 0x0C
32989,10494,1658210581 10494 2 0x0C
33005,10494,1658210597 10494 2 0x0C
33022,10494,1658210614 10494 2 0x0C
33038,10494,1658210630 10494 2 0x0C
33055,10494,1658210647 10494 2 0x0C
33071,10494,1658210663 10494 2 0x0C
33088,10494,1658210680 10494 2 0x0C
33104,10494,1658210696 10494 2 0x0C
33121,10494,1658210713 10494 2 0x0C
33137,10494,1658210729 10494 2 0x0C
33154,10494,1658210746 10494 2 0x0C
33171,10494,1658210763 10494 2 0x0C
33187,10494,1658210779 10494 2 0x0C
33204,10494,1658210796 10494 2 0x0C
33220,10494,1658210812 10494 2 0x0C
33237,10476,1658210829 10476 2 0x0C
33253,10494,1658210845 10494 2 0x0C
33270,10494,1658210862 10494 2 0x0C
33286,10494,1658210878 10494 2 0x0C
33303,10494,1658210895 10494 2 0x0C
33319,10494,1658210911 10494 2 0x0C
33336,10494,1658210928 10494 2 0x0C
33353,10494,1658210945 10494 2 0x0C
33369,10494,1658210961 10494 2 0x0C
33386,10494,1658210978 10494 2 0x0C
33402,10494,1658210994 10494 2 0x0C
33419,10494,1658211011 10494 2 0x0C
33435,10476,1658211027 10476 2 0x0C
33452,10476,1658211044 10476 2 0x0C
33468,10476,1658211060 10476 2 0x0C
33485,10476,1658211077 10476 2 0x0C
33501,10458,1658211093 10458 2 0x0C
33518,10494,1658211110 10494 2 0x0C
33534,10476,1658211126 10476 2 0x0C
33551,10476,1658211143 10476 2 0x0C
33567,10494,1658211159 10494 2 0x0C
33584,10458,1658211176 10458 2 0x0C
33601,10476,1658211193 10476 2 0x0C
33617,10476,1658211209 10476 2 0x0C
33634,10476,1658211226 10476 2 0x0C
33650,10476,1658211242 10476 2 0x0C
33667,10476,1658211259 10476 2 0x0C
33683,10458,1658211275 10458 2 0x0C
33700,10458,1658211292 10458 2 0x0C
33716,10458,1658211308 10458 2 0x0C
33733,10476,1658211325 10476 2 0x0C
33749,10440,1658211341 10440 1 0x08
33766,10458,1658211358 10458 2 0x0C
33782,10458,1658211374 10458 2 0x0C
33799,10458,1658211391 10458 2 0x0C
33816,10458,1658211408 10458 2 0x0C
33832,10458,1658211424 10458 2 0x0C
33849,10458,1658211441 10458 2 0x0C
33865,10458,1658211457 10458 2 0x0C
33882,10458,1658211474 10458 2 0x0C
33898,10458,1658211490 10458 2 0x0C
33915,10458,1658211507 10458 2 0x0C
33931,10458,1658211523 10458 2 0x0C
33948,10458,1658211540 10458 2 0x0C
33964,10458,1658211556 10458 2 0x0C
33981,10458,1658211573 10458 2 0x0C
33997,10458,1658211589 10458 2 0x0C
34014,10458,1658211606 10458 2 0x0C
34031,10458,1658211623 10458 2 0x0C
34047,10440,1658211639 10440 1 0x08
34064,10440,1658211656 10440 1 0x08
34080,10422,1658211672 10422 1 0x08
34097,10440,1658211689 10440 1 0x08
34113,10440,1658211705 10440 1 0x08
34130,10422,1658211722 10422 1 0x08
34146,10440,1658211738 10440 1 0x08
34163,10440,1658211755 10440 1 0x08
34179,10422,1658211771 10422 1 0x08
34196,10440,1658211788 10440 1 0x08
34213,10422,1658211805 10422 1 0x08
34229,10422,1658211821 10422 1 0x08
34246,10440,1658211838 10440 1 0x08
34262,10422,1658211854 10422 1 0x08
34279,10422,1658211871 10422 1 0x08
34295,10422,1658211887 10422 1 0x08
34312,10422,1658211904 10422 1 0x08
34328,10422,1658211920 10422 1 0x08
34345,10422,1658211937 10422 1 0x08
34361,10422,1658211953 10422 1 0x08
34378,10422,1658211970 10422 1 0x08
34394,10422,1658211986 10422 1 0x08
34411,10422,1658212003 10422 1 0x08
34428,10422,1658212020 10422 1 0x08
34444,10422,1658212036 10422 1 0x08
34461,10422,1658212053 10422 1 0x08
34477,10422,1658212069 10422 1 0x08
34494,10422,1658212086 10422 1 0x08
34510,10422,1658212102 10422 1 0x08
34527,10380,1658212119 10380 1 0x08
34543,10398,1658212135 10398 1 0x08
34560,10398,1658212152 10398 1 0x08
34576,10398,1658212168 10398 1 0x08
34593,10398,1658212185 10398 1 0x08
34610,10398,1658212202 10398 1 0x08
34626,10398,1658212218 10398 1 0x08
34643,10398,1658212235 10398 1 0x08
34659,10380,1658212251 10380 1 0x08
34676,10398,1658212268 10398 1 0x08
34692,10398,1658212284 10398 1 0x08
34709,10380,1658212301 10380 1 0x08
34725,10398,1658212317 10398 1 0x08
34742,10398,1658212334 10398 1 0x08
34758,10398,1658212350 10398 1 0x08
34775,10380,1658212367 10380 1 0x08
34791,10380,1658212383 10380 1 0x08
34808,10380,1658212400 10380 1 0x08
34824,10380,1658212416 10380 1 0x08
34841,10380,1658212433 10380 1 0x08
34857,10380,1658212449 10380 1 0x08
34874,10380,1658212466 10380 1 0x08
34891,10380,1658212483 10380 1 0x08
34907,10380,1658212499 10380 1 0x08
34924,10380,1658212516 10380 1 0x08
34940,10380,1658212532 10380 1 0x08
34957,10380,1658212549 10380 1 0x08
34973,10380,1658212565 10380 1 0x08
34990,10380,1658212582 10380 1 0x08
35006,10362,1658212598 10362 1 0x08
35023,10362,1658212615 10362 1 0x08
35039,10380,1658212631 10380 1 0x08
35056,10380,1658212648 10380 1 0x08
35072,10362,1658212664 10362 1 0x08
35089,10362,1658212681 10362 1 0x08
35105,10362,1658212697 10362 1 0x08
35122,10362,1658212714 10362 1 0x08
35138,10362,1658212730 10362 1 0x08
35155,10362,1658212747 10362 1 0x08
35172,10362,1658212764 10362 1 0x08
35188,10362,1658212780 10362 1 0x08
35205,10344,1658212797 10344 1 0x08
35221,10344,1658212813 10344 1 0x08
35238,10362,1658212830 10362 1 0x08
35254,10344,1658212846 10344 1 0x08
35271,10344,1658212863 10344 1 0x08
35287,10344,1658212879 10344 1 0x08
35304,10344,1658212896 10344 1 0x08
35320,10344,1658212912 10344 1 0x08
35337,10344,1658212929 10344 1 0x08
35353,10344,1658212945 10344 1 0x08
35370,10344,1658212962 10344 1 0x08
35387,10344,1658212979 10344 1 0x08
35403,10344,1658212995 10344 1 0x08
35420,10344,1658213012 10344 1 0x08
35436,10344,1658213028 10344 1 0x08
35453,10344,1658213045 10344 1 0x08
35469,10344,1658213061 10344 1 0x08
35486,10344,1658213078 10344 1 0x08
35502,10344,1658213094 10344 1 0x08
35519,10320,1658213111 10320 1 0x08
35535,10320,1658213127 10320 1 0x08
35552,10320,1658213144 10320 1 0x08
35568,10320,1658213160 10320 1 0x08
35585,10320,1658213177 10320 1 0x08
35602,10320,1658213194 10320 1 0x08
35618,10320,1658213210 10320 1 0x08
35635,10302,1658213227 10302 1 0x08
35651,10320,1658213243 10320 1 0x08
35668,10320,1658213260 10320 1 0x08
35684,10302,1658213276 10302 1 0x08
35701,10320,1658213293 10320 1 0x08
35717,10302,1658213309 10302 1 0x08
35734,10302,1658213326 10302 1 0x08
35750,10302,1658213342 10302 1 0x08
35767,10302,1658213359 10302 1 0x08
35783,10302,1658213375 10302 1 0x08
35800,10302,1658213392 10302 1 0x08
35817,10302,1658213409 10302 1 0x08
35833,10302,1658213425 10302 1 0x08
35850,10302,1658213442 10302 1 0x08
35866,10302,1658213458 10302 1 0x08
35883,10302,1658213475 10302 1 0x08
35899,10302,1658213491 10302 1 0x08
35916,10302,1658213508 10302 1 0x08
35932,10284,1658213524 10284 1 0x08
35949,10302,1658213541 10302 1 0x08
35965,10302,1658213557 10302 1 0x08
35982,10302,1658213574 10302 1 0x08
35999,10302,1658213591 10302 1 0x08
36015,10284,1658213607 10284 1 0x08
36032,10284,1658213624 10284 1 0x08
36048,10284,1658213640 10284 1 0x08
36065,10284,1658213657 10284 1 0x08
36081,10284,1658213673 10284 1 0x08
36098,10284,1658213690 10284 1 0x08
36114,10266,1658213706 10266 1 0x08
36131,10266,1658213723 10266 1 0x08
36147,10266,1658213739 10266 1 0x08
36164,10266,1658213756 10266 1 0x08
36180,10266,1658213772 10266 1 0x08
36197,10284,1658213789 10284 1 0x08
36214,10266,1658213806 10266 1 0x08
36230,10266,1658213822 10266 1 0x08
36247,10266,1658213839 10266 1 0x08
36263,10266,1658213855 10266 1 0x08
36280,10266,1658213872 10266 1 0x08
36296,10266,1658213888 10266 1 0x08
36313,10266,1658213905 10266 1 0x08
36329,10266,1658213921 10266 1 0x08
36346,10266,1658213938 10266 1 0x08
36362,10266,1658213954 10266 1 0x08
36379,10266,1658213971 10266 1 0x08
36395,10266,1658213987 10266 1 0x08
36412,10266,1658214004 10266 1 0x08
36429,10266,1658214021 10266 1 0x08
36445,10266,1658214037 10266 1 0x08
36462,10266,1658214054 10266 1 0x08
36478,10266,1658214070 10266 1 0x08
36495,10248,1658214087 10248 1 0x08
36511,10266,1658214103 10266 1 0x08
36528,10266,1658214120 10266 1 0x08
36544,10248,1658214136 10248 1 0x08
36561,10266,1658214153 10266 1 0x08
36577,10248,1658214169 10248 1 0x08
36594,10248,1658214186 10248 1 0x08
36610,10248,1658214202 10248 1 0x08
36627,10248,1658214219 10248 1 0x08
36644,10266,1658214236 10266 1 0x08
36660,10248,1658214252 10248 1 0x08
36677,10248,1658214269 10248 1 0x08
36693,10248,1658214285 10248 1 0x08
36710,10248,1658214302 10248 1 0x08
36726,10248,1658214318 10248 1 0x08
36743,10248,1658214335 10248 1 0x08
36759,10248,1658214351 10248 1 0x08
36776,10248,1658214368 10248 1 0x08
36792,10248,1658214384 10248 1 0x08
36809,10248,1658214401 10248 1 0x08
36826,10248,1658214418 10248 1 0x08
36842,10248,1658214434 10248 1 0x08
36859,10248,1658214451 10248 1 0x08
36875,10248,1658214467 10248 1 0x08
36892,10248,1658214484 10248 1 0x08
36908,10224,1658214500 10224 1 0x08
36925,10224,1658214517 10224 1 0x08
36941,10224,1658214533 10224 1 0x08
36958,10224,1658214550 10224 1 0x08
36975,10224,1658214567 10224 1 0x08
36991,10224,1658214583 10224 1 0x08
37008,10224,1658214600 10224 1 0x08
37024,10224,1658214616 10224 1 0x08
37041,10224,1658214633 10224 1 0x08
37057,10224,1658214649 10224 1 0x08
37074,10224,1658214666 10224 1 0x08
37090,10224,1658214682 10224 1 0x08
37107,10224,1658214699 10224 1 0x08
37123,10224,1658214715 10224 1 0x08
37140,10224,1658214732 10224 1 0x08
37157,10224,1658214749 10224 1 0x08
37173,10224,1658214765 10224 1 0x08
37190,10224,1658214782 10224 1 0x08
37206,10224,1658214798 10224 1 0x08
37223,10224,1658214815 10224 1 0x08
37239,10224,1658214831 10224 1 0x08
37256,10224,1658214848 10224 1 0x08
37272,10224,1658214864 10224 1 0x08
37289,10224,1658214881 10224 1 0x08
37305,10224,1658214897 10224 1 0x08
37322,10206,1658214914 10206 1 0x08
37338,10224,1658214930 10224 1 0x08
37355,10224,1658214947 10224 1 0x08
37372,10206,1658214964 10206 1 0x08
37388,10206,1658214980 10206 1 0x08
37405,10224,1658214997 10224 1 0x08
37421,10224,1658215013 10224 1 0x08
37438,10206,1658215030 10206 1 0x08
37454,10224,1658215046 10224 1 0x08
37471,10206,1658215063 10206 1 0x08
37487,10206,1658215079 10206 1 0x08
37504,10206,1658215096 10206 1 0x08
37520,10206,1658215112 10206 1 0x08
37537,10206,1658215129 10206 1 0x08
37553,10188,1658215145 10188 0 0x86
37570,10206,1658215162 10206 1 0x08
37587,10188,1658215179 10188 0 0x86
37603,10188,1658215195 10188 0 0x86
37620,10188,1658215212 10188 0 0x86
37636,10206,1658215228 10206 1 0x08
37653,10188,1658215245 10188 0 0x86
37669,10188,1658215261 10188 0 0x86
37686,10188,1658215278 10188 0 0x86
37702,10188,1658215294 10188 0 0x86
37719,10188,1658215311 10188 0 0x86
37735,10188,1658215327 10188 0 0x86
37752,10188,1658215344 10188 0 0x86
37768,10188,1658215360 10188 0 0x86
37785,10188,1658215377 10188 0 0x86
37802,10188,1658215394 10188 0 0x86
37818,10188,1658215410 10188 0 0x86
37835,10188,1658215427 10188 0 0x86
37851,10188,1658215443 10188 0 0x86
37868,10188,1658215460 10188 0 0x86
37884,10188,1658215476 10188 0 0x86
37901,10188,1658215493 10188 0 0x86
37917,10188,1658215509 10188 0 0x86
37934,10188,1658215526 10188 0 0x86
37950,10188,1658215542 10188 0 0x86
37967,10188,1658215559 10188 0 0x86
37984,10188,1658215576 10188 0 0x86
38000,10188,1658215592 10188 0 0x86
38017,10188,1658215609 10188 0 0x86
38033,10188,1658215625 10188 0 0x86
38050,10188,1658215642 10188 0 0x86
38066,10188,1658215658 10188 0 0x86
38083,10188,1658215675 10188 0 0x86
38099,10188,1658215691 10188 0 0x86
38116,10188,1658215708 10188 0 0x86
38132,10188,1658215724 10188 0 0x86
38149,10188,1658215741 10188 0 0x86
38165,10188,1658215757 10188 0 0x86
38182,10170,1658215774 10170 0 0x86
38198,10188,1658215790 10188 0 0x86
38215,10170,1658215807 10170 0 0x86
38232,10170,1658215824 10170 0 0x86
38248,10170,1658215840 10170 0 0x86
38265,10170,1658215857 10170 0 0x86
38281,10170,1658215873 10170 0 0x86
38298,10170,1658215890 10170 0 0x86
38314,10170,1658215906 10170 0 0x86
38331,10170,1658215923 10170 0 0x86
38347,10170,1658215939 10170 0 0x86
38364,10170,1658215956 10170 0 0x86
38380,10170,1658215972 10170 0 0x86
38397,10170,1658215989 10170 0 0x86
38414,10170,1658216006 10170 0 0x86
38430,10170,1658216022 10170 0 0x86
38447,10170,1658216039 10170 0 0x86
38463,10170,1658216055 10170 0 0x86
38480,10170,1658216072 10170 0 0x86
38496,10146,1658216088 10146 0 0x86
38513,10146,1658216105 10146 0 0x86
38529,10146,1658216121 10146 0 0x86
38546,10146,1658216138 10146 0 0x86
38563,10146,1658216155 10146 0 0x86
38579,10146,1658216171 10146 0 0x86
38596,10146,1658216188 10146 0 0x86
38612,10146,1658216204 10146 0 0x86
38629,10146,1658216221 10146 0 0x86
38645,10146,1658216237 10146 0 0x86
38662,10146,1658216254 10146 0 0x86
38678,10146,1658216270 10146 0 0x86
38695,10146,1658216287 10146 0 0x86
38711,10146,1658216303 10146 0 0x86
38728,10146,1658216320 10146 0 0x86
38744,10146,1658216336 10146 0 0x86
38761,10128,1658216353 10128 0 0x86
38778,10146,1658216370 10146 0 0x86
38794,10128,1658216386 10128 0 0x86
38811,10128,1658216403 10128 0 0x86
38827,10128,1658216419 10128 0 0x86
38844,10128,1658216436 10128 0 0x86
38860,10128,1658216452 10128 0 0x86
38877,10128,1658216469 10128 0 0x86
38893,10128,1658216485 10128 0 0x86
38910,10128,1658216502 10128 0 0x86
38926,10128,1658216518 10128 0 0x86
38943,10128,1658216535 10128 0 0x86
38959,10128,1658216551 10128 0 0x86
38976,10110,1658216568 10110 0 0x86
38993,10128,1658216585 10128 0 0x86
39009,10128,1658216601 10128 0 0x86
39026,10128,1658216618 10128 0 0x86
39042,10128,1658216634 10128 0 0x86
39059,10110,1658216651 10110 0 0x86
39075,10110,1658216667 10110 0 0x86
39092,10110,1658216684 10110 0 0x86
39108,10110,1658216700 10110 0 0x86
39125,10110,1658216717 10110 0 0x86
39141,10110,1658216733 10110 0 0x86
39158,10110,1658216750 10110 0 0x86
39174,10110,1658216766 10110 0 0x86
39191,10110,1658216783 10110 0 0x86
39208,10110,1658216800 10110 0 0x86
39224,10110,1658216816 10110 0 0x86
39241,10110,1658216833 10110 0 0x86
39257,10110,1658216849 10110 0 0x86
39274,10110,1658216866 10110 0 0x86
39290,10092,1658216882 10092 0 0x86
39307,10092,1658216899 10092 0 0x86
39323,10092,1658216915 10092 0 0x86
39340,10092,1658216932 10092 0 0x86
39356,10092,1658216948 10092 0 0x86
39373,10092,1658216965 10092 0 0x86
39390,10074,1658216982 10074 0 0x86
39406,10074,1658216998 10074 0 0x86
39423,10074,1658217015 10074 0 0x86
39439,10074,1658217031 10074 0 0x86
39456,10074,1658217048 10074 0 0x86
39472,10074,1658217064 10074 0 0x86
39489,10074,1658217081 10074 0 0x86
39505,10050,1658217097 10050 0 0x86
39522,10074,1658217114 10074 0 0x86
39538,10050,1658217130 10050 0 0x86
39555,10050,1658217147 10050 0 0x86
39572,10050,1658217164 10050 0 0x86
39588,10032,1658217180 10032 0 0x86
39605,10032,1658217197 10032 0 0x86
39621,10032,1658217213 10032 0 0x86
39638,10032,1658217230 10032 0 0x86
39654,10032,1658217246 10032 0 0x86
39671,10032,1658217263 10032 0 0x86
39687,10032,1658217279 10032 0 0x86
39704,10032,1658217296 10032 0 0x86
39720,10014,1658217312 10014 0 0x86
39737,10032,1658217329 10032 0 0x86
39753,10014,1658217345 10014 0 0x86
39770,10014,1658217362 10014 0 0x86
39786,9996,1658217378 9996 0 0x86
39803,10014,1658217395 10014 0 0x86
39820,9996,1658217412 9996 0 0x86
39836,9996,1658217428 9996 0 0x86
39853,9996,1658217445 9996 0 0x86
39869,9996,1658217461 9996 0 0x86
39886,9996,1658217478 9996 0 0x86
39902,9972,1658217494 9972 0 0x86
39919,9972,1658217511 9972 0 0x86
39935,9972,1658217527 9972 0 0x86
39952,9972,1658217544 9972 0 0x86
39968,9972,1658217560 9972 0 0x86
39985,9972,1658217577 9972 0 0x86
40002,9954,1658217594 9954 0 0x86
40018,9954,1658217610 9954 0 0x86
40035,9954,1658217627 9954 0 0x86
40051,9954,1658217643 9954 0 0x86
40068,9954,1658217660 9954 0 0x86
40084,9936,1658217676 9936 0 0x86
40101,9954,1658217693 9954 0 0x86
40117,9936,1658217709 9936 0 0x86
40134,9936,1658217726 9936 0 0x86
40150,9936,1658217742 9936 0 0x86
40167,9936,1658217759 9936 0 0x86
40184,9918,1658217776 9918 0 0x86
40200,9918,1658217792 9918 0 0x86
40217,9918,1658217809 9918 0 0x86
40233,9918,1658217825 9918 0 0x86
40250,9900,1658217842 9900 0 0x86
40266,9918,1658217858 9918 0 0x86
40283,9918,1658217875 9918 0 0x86
40299,9900,1658217891 9900 0 0x86
40316,9876,1658217908 9876 0 0x86
40332,9900,1658217924 9900 0 0x86
40349,9876,1658217941 9876 0 0x86
40366,9876,1658217958 9876 0 0x86
40382,9876,1658217974 9876 0 0x86
40399,9876,1658217991 9876 0 0x86
40415,9876,1658218007 9876 0 0x86
40432,9876,1658218024 9876 0 0x86
40448,9876,1658218040 9876 0 0x86
40465,9876,1658218057 9876 0 0x86
40481,9858,1658218073 9858 0 0x86
40498,9876,1658218090 9876 0 0x86
40514,9858,1658218106 9858 0 0x86
40531,9858,1658218123 9858 0 0x86
40547,9858,1658218139 9858 0 0x86
40564,9858,1658218156 9858 0 0x86
40581,9858,1658218173 9858 0 0x86
40597,9840,1658218189 9840 0 0x86
40614,9840,1658218206 9840 0 0x86
40630,9840,1658218222 9840 0 0x86
40647,9840,1658218239 9840 0 0x86
40663,9840,1658218255 9840 0 0x86
40680,9840,1658218272 9840 0 0x86
40696,9822,1658218288 9822 0 0x86
40713,9822,1658218305 9822 0 0x86
40729,9822,1658218321 9822 0 0x86
40746,9822,1658218338 9822 0 0x86
40762,9822,1658218354 9822 0 0x86
40779,9798,1658218371 9798 0 0x86
40795,9798,1658218387 9798 0 0x86
40812,9798,1658218404 9798 0 0x86
40829,9798,1658218421 9798 0 0x86
40845,9798,1658218437 9798 0 0x86
40862,9798,1658218454 9798 0 0x86
40878,9780,1658218470 9780 0 0x86
40895,9780,1658218487 9780 0 0x86
40911,9780,1658218503 9780 0 0x86
40928,9762,1658218520 9762 0 0x86
40944,9780,1658218536 9780 0 0x86
40961,9780,1658218553 9780 0 0x86
40977,9762,1658218569 9762 0 0x86
40994,9762,1658218586 9762 0 0x86
41010,9762,1658218602 9762 0 0x86
41027,9762,1658218619 9762 0 0x86
41043,9744,1658218635 9744 0 0x86
41060,9762,1658218652 9762 0 0x86
41077,9744,1658218669 9744 0 0x86
41093,9744,1658218685 9744 0 0x86
41110,9720,1658218702 9720 0 0x86
41126,9720,1658218718 9720 0 0x86
41143,9720,1658218735 9720 0 0x86
41159,9720,1658218751 9720 0 0x86
41176,9720,1658218768 9720 0 0x86
41192,9720,1658218784 9720 0 0x86
41209,9702,1658218801 9702 0 0x86
41225,9702,1658218817 9702 0 0x86
41242,9702,1658218834 9702 0 0x86
41258,9702,1658218850 9702 0 0x86
41275,9702,1658218867 9702 0 0x86
41291,9684,1658218883 9684 0 0x86
41308,9702,1658218900 9702 0 0x86
41324,9684,1658218916 9684 0 0x86
41341,9684,1658218933 9684 0 0x86
41358,9684,1658218950 9684 0 0x86
41374,9684,1658218966 9684 0 0x86
41391,9684,1658218983 9684 0 0x86
41407,9666,1658218999 9666 0 0x86
41424,9666,1658219016 9666 0 0x86
41440,9648,1658219032 9648 0 0x86
41457,9666,1658219049 9666 0 0x86
41473,9666,1658219065 9666 0 0x86
41490,9648,1658219082 9648 0 0x86
41506,9648,1658219098 9648 0 0x86
41523,9648,1658219115 9648 0 0x86
41539,9648,1658219131 9648 0 0x86
41556,9648,1658219148 9648 0 0x86
41572,9624,1658219164 9624 0 0x86
41589,9624,1658219181 9624 0 0x86
41606,9624,1658219198 9624 0 0x86
41622,9624,1658219214 9624 0 0x86
41639,9624,1658219231 9624 0 0x86
41655,9606,1658219247 9606 0 0x86
41672,9606,1658219264 9606 0 0x86
41688,9606,1658219280 9606 0 0x86
41705,9606,1658219297 9606 0 0x86
41721,9588,1658219313 9588 0 0x86
41738,9588,1658219330 9588 0 0x86
41754,9588,1658219346 9588 0 0x86
41771,9588,1658219363 9588 0 0x86
41787,9570,1658219379 9570 0 0x86
41804,9570,1658219396 9570 0 0x86
41821,9570,1658219413 9570 0 0x86
41837,9570,1658219429 9570 0 0x86
41854,9570,1658219446 9570 0 0x86
41870,9570,1658219462 9570 0 0x86
41887,9570,1658219479 9570 0 0x86
41903,9546,1658219495 9546 0 0x86
41920,9546,1658219512 9546 0 0x86
41936,9546,1658219528 9546 0 0x86
41953,9546,1658219545 9546 0 0x86
41969,9528,1658219561 9528 0 0x86
41986,9528,1658219578 9528 0 0x86
42002,9528,1658219594 9528 0 0x86
42019,9528,1658219611 9528 0 0x86
42036,9510,1658219628 9510 0 0x86
42052,9528,1658219644 9528 0 0x86
42069,9510,1658219661 9510 0 0x86
42085,9510,1658219677 9510 0 0x86
42102,9492,1658219694 9492 0 0x86
42118,9492,1658219710 9492 0 0x86
42135,9492,1658219727 9492 0 0x86
42151,9492,1658219743 9492 0 0x86
42168,9474,1658219760 9474 0 0x86
42184,9492,1658219776 9492 0 0x86
42201,9474,1658219793 9474 0 0x86
42217,9474,1658219809 9474 0 0x86
42234,9474,1658219826 9474 0 0x86
42250,9450,1658219842 9450 0 0x86
42267,9450,1658219859 9450 0 0x86
42284,9450,1658219876 9450 0 0x86
42300,9450,1658219892 9450 0 0x86
42317,9432,1658219909 9432 0 0x86
42333,9450,1658219925 9450 0 0x86
42350,9432,1658219942 9432 0 0x86
42366,9432,1658219958 9432 0 0x86
42383,9414,1658219975 9414 0 0x86
42399,9414,1658219991 9414 0 0x86
42416,9414,1658220008 9414 0 0x86
42432,9414,1658220024 9414 0 0x86
42449,9414,1658220041 9414 0 0x86
42466,9414,1658220058 9414 0 0x86
42482,9396,1658220074 9396 0 0x86
42499,9396,1658220091 9396 0 0x86
42515,9396,1658220107 9396 0 0x86
42532,9396,1658220124 9396 0 0x86
42548,9372,1658220140 9372 0 0x86
42565,9372,1658220157 9372 0 0x86
42581,9372,1658220173 9372 0 0x86
42598,9354,1658220190 9354 0 0x86
42614,9354,1658220206 9354 0 0x86
42631,9354,1658220223 9354 0 0x86
42648,9336,1658220240 9336 0 0x86
42664,9336,1658220256 9336 0 0x86
42681,9336,1658220273 9336 0 0x86
42697,9336,1658220289 9336 0 0x86
42714,9336,1658220306 9336 0 0x86
42730,9336,1658220322 9336 0 0x86
42747,9336,1658220339 9336 0 0x86
42763,9318,1658220355 9318 0 0x86
42780,9318,1658220372 9318 0 0x86
42796,9318,1658220388 9318 0 0x86
42813,9300,1658220405 9300 0 0x86
42829,9300,1658220421 9300 0 0x86
42846,9300,1658220438 9300 0 0x86
42863,9300,1658220455 9300 0 0x86
42879,9300,1658220471 9300 0 0x86
42896,9276,1658220488 9276 0 0x86
42912,9258,1658220504 9258 0 0x86
42929,9258,1658220521 9258 0 0x86
42945,9258,1658220537 9258 0 0x86
42962,9258,1658220554 9258 0 0x86
42978,9258,1658220570 9258 0 0x86
42995,9258,1658220587 9258 0 0x86
43011,9258,1658220603 9258 0 0x86
43028,9240,1658220620 9240 0 0x86
43044,9240,1658220636 9240 0 0x86
43061,9240,1658220653 9240 0 0x86
43077,9240,1658220669 9240 0 0x86
43094,9240,1658220686 9240 0 0x86
43111,9222,1658220703 9222 0 0x86
43127,9222,1658220719 9222 0 0x86
43144,9222,1658220736 9222 0 0x86
43160,9222,1658220752 9222 0 0x86
43177,9222,1658220769 9222 0 0x86
43193,9198,1658220785 9198 0 0x86
43210,9198,1658220802 9198 0 0x86
43226,9180,1658220818 9180 0 0x86
43243,9180,1658220835 9180 0 0x86
43259,9180,1658220851 9180 0 0x86
43276,9180,1658220868 9180 0 0x86
43292,9180,1658220884 9180 0 0x86
43309,9180,1658220901 9180 0 0x86
43325,9162,1658220917 9162 0 0x86
43342,9162,1658220934 9162 0 0x86
43359,9162,1658220951 9162 0 0x86
43375,9162,1658220967 9162 0 0x86
43392,9162,1658220984 9162 0 0x86
43408,9144,1658221000 9144 0 0x86
43425,9144,1658221017 9144 0 0x86
43441,9144,1658221033 9144 0 0x86
43458,9126,1658221050 9126 0 0x86
43474,9126,1658221066 9126 0 0x86
43491,9126,1658221083 9126 0 0x86
43507,9102,1658221099 9102 0 0x86
43524,9102,1658221116 9102 0 0x86
43540,9102,1658221132 9102 0 0x86
43557,9102,1658221149 9102 0 0x86
43573,9102,1658221165 9102 0 0x86
43590,9102,1658221182 9102 0 0x86
43607,9102,1658221199 9102 0 0x86
43623,9084,1658221215 9084 0 0x86
43640,9084,1658221232 9084 0 0x86
43656,9084,1658221248 9084 0 0x86
43673,9066,1658221265 9066 0 0x86
43689,9066,1658221281 9066 0 0x86
43706,9066,1658221298 9066 0 0x86
43722,9066,1658221314 9066 0 0x86
43739,9048,1658221331 9048 0 0x86
43755,9066,1658221347 9066 0 0x86
43772,9024,1658221364 9024 0 0x86
43788,9024,1658221380 9024 0 0x86
43805,9024,1658221397 9024 0 0x86
43821,9024,1658221413 9024 0 0x86
43838,9024,1658221430 9024 0 0x86
43855,9024,1658221447 9024 0 0x86
43871,9024,1658221463 9024 0 0x86
43888,9006,1658221480 9006 0 0x86
43904,9006,1658221496 9006 0 0x86
43921,9006,1658221513 9006 0 0x86
43937,8988,1658221529 8988 0 0x86
43954,8988,1658221546 8988 0 0x86
43970,8988,1658221562 8988 0 0x86
43987,8988,1658221579 8988 0 0x86
44003,8970,1658221595 8970 0 0x86
44020,8970,1658221612 8970 0 0x86
44036,8952,1658221628 8952 0 0x86
44053,8952,1658221645 8952 0 0x86
44070,8952,1658221662 8952 0 0x86
44086,8952,1658221678 8952 0 0x86
44103,8952,1658221695 8952 0 0x86
44119,8952,1658221711 8952 0 0x86
44136,8928,1658221728 8928 0 0x86
44152,8928,1658221744 8928 0 0x86
44169,8910,1658221761 8910 0 0x86
44185,8910,1658221777 8910 0 0x86
44202,8910,1658221794 8910 0 0x86
44218,8910,1658221810 8910 0 0x86
44235,8892,1658221827 8892 0 0x86
44251,8910,1658221843 8910 0 0x86
44268,8892,1658221860 8892 0 0x86
44284,8874,1658221876 8874 0 0x86
44301,8874,1658221893 8874 0 0x86
44318,8874,1658221910 8874 0 0x86
44334,8874,1658221926 8874 0 0x86
44351,8850,1658221943 8850 0 0x86
44367,8850,1658221959 8850 0 0x86
44384,8850,1658221976 8850 0 0x86
44400,8832,1658221992 8832 0 0x86
44417,8832,1658222009 8832 0 0x86
44433,8832,1658222025 8832 0 0x86
44450,8832,1658222042 8832 0 0x86
44466,8796,1658222058 8796 0 0x86
44483,8796,1658222075 8796 0 0x86
44500,8796,1658222092 8796 0 0x86
44516,8796,1658222108 8796 0 0x86
44533,8796,1658222125 8796 0 0x86
44549,8778,1658222141 8778 0 0x86
44566,8778,1658222158 8778 0 0x86
44582,8778,1658222174 8778 0 0x86
44599,8754,1658222191 8754 0 0x86
44615,8754,1658222207 8754 0 0x86
44632,8754,1658222224 8754 0 0x86
44648,8736,1658222240 8736 0 0x86
44665,8736,1658222257 8736 0 0x86
44681,8736,1658222273 8736 0 0x86
44698,8718,1658222290 8718 0 0x86
44715,8718,1658222307 8718 0 0x86
44731,8700,1658222323 8700 0 0x86
44748,8700,1658222340 8700 0 0x86
44764,8676,1658222356 8676 0 0x86
44781,8676,1658222373 8676 0 0x86
44797,8676,1658222389 8676 0 0x86
44814,8658,1658222406 8658 0 0x86
44830,8640,1658222422 8640 0 0x86
44847,8640,1658222439 8640 0 0x86
44863,8640,1658222455 8640 0 0x86
44880,8640,1658222472 8640 0 0x86
44897,8622,1658222489 8622 0 0x86
44913,8622,1658222505 8622 0 0x86
44930,8604,1658222522 8604 0 0x86
44946,8604,1658222538 8604 0 0x86
44963,8580,1658222555 8580 0 0x86
44979,8580,1658222571 8580 0 0x86
44996,8562,1658222588 8562 0 0x86
45012,8562,1658222604 8562 0 0x86
45029,8544,1658222621 8544 0 0x86
45045,8544,1658222637 8544 0 0x86
45062,8526,1658222654 8526 0 0x86
45079,8526,1658222671 8526 0 0x86
45095,8502,1658222687 8502 0 0x86
45112,8484,1658222704 8484 0 0x86
45128,8484,1658222720 8484 0 0x86
45145,8484,1658222737 8484 0 0x86
45161,8466,1658222753 8466 0 0x86
45178,8448,1658222770 8448 0 0x86
45194,8448,1658222786 8448 0 0x86
45211,8430,1658222803 8430 0 0x86
45227,8430,1658222819 8430 0 0x86
45244,8406,1658222836 8406 0 0x86
45260,8388,1658222852 8388 0 0x86
45277,8370,1658222869 8370 0 0x86
45293,8370,1658222885 8370 0 0x86
45310,8370,1658222902 8370 0 0x86
45326,8328,1658222918 8328 0 0x86
45343,8328,1658222935 8328 0 0x86
45360,8310,1658222952 8310 0 0x86
45376,8310,1658222968 8310 0 0x86
45393,8292,1658222985 8292 0 0x86
45409,8274,1658223001 8274 0 0x86
45426,8256,1658223018 8256 0 0x86
45442,8232,1658223034 8232 0 0x86
45459,8232,1658223051 8232 0 0x86
45475,8196,1658223067 8196 0 0x86
45492,8178,1658223084 8178 0 0x86
45508,8178,1658223100 8178 0 0x86
45525,8154,1658223117 8154 0 0x86
45541,8136,1658223133 8136 0 0x86
45558,8100,1658223150 8100 0 0x86
45575,8100,1658223167 8100 0 0x86
45591,8082,1658223183 8082 0 0x86
45608,8058,1658223200 8058 0 0x86
45624,8022,1658223216 8022 0 0x86
45641,8004,1658223233 8004 0 0x86
45657,7980,1658223249 7980 0 0x86
45674,7962,1658223266 7962 0 0x86
45690,7944,1658223282 7944 0 0x86
45707,7908,1658223299 7908 0 0x86
45723,7908,1658223315 7908 0 0x86
45740,7866,1658223332 7866 0 0x86
45756,7848,1658223348 7848 0 0x86
45773,7806,1658223365 7806 0 0x86
45790,7788,1658223382 7788 0 0x86
45806,7770,1658223398 7770 0 0x86
45823,7734,1658223415 7734 0 0x86
45839,7710,1658223431 7710 0 0x86
45856,7674,1658223448 7674 0 0x86
45872,7656,1658223464 7656 0 0x86
45889,7614,1658223481 7614 0 0x86
45905,7578,1658223497 7578 0 0x86
45922,7536,1658223514 7536 0 0x86
45938,7518,1658223530 7518 0 0x86
45955,7482,1658223547 7482 0 0x86
45971,7440,1658223563 7440 0 0x86
45988,7404,1658223580 7404 0 0x86
46005,7362,1658223597 7362 0 0x86
46021,7326,1658223613 7326 0 0x86
46038,7266,1658223630 7266 0 0x86
46054,7230,1658223646 7230 0 0x86
