1658177593 12258 5 0x8F
1658177598 12258 5 0x8F
1658177615 12258 5 0x8F
1658177631 12198 5 0x8F
1658177648 12180 5  x8F
1658177664 12180 5 0x8F
1658177681 12162 5 0x8F
1658177698 12198 5 0x8F
1658177714 12180 5 0x8F
1658177731 12162 5 0x8F
1658177747 12180 5 0x8F
1658177764 12180 5 0x8F
1658177780 12180 5 0x8F
1658177797 12180 5 0x8F
1658177813 12180 5 0x8F
1658177830 12180 5 0x8F
1658177846 12162 5 0x8F
1658177863 12180 5 0x8F
1658177880 12180 5 0x8F
1658177896 12138 5 0x8F
1658177913 12162 5 0x8F
1658177929 12162 5 0x8F
1658177946 12162 5 0x8F
1658177962 12162 5 0x8F
1658177979 12162 5 0x8F
1658177995 12180 5 0x8F
1658178012 12162 5 0x8F
1658178028 12162 5 0x8F
1658178045 12162 5 0x8F
1658178061 12162 5 0x8F
1658178078 12180 5 0x8F
1658178094 12180 5 0x8F
1658178111 12162 5 0x8F
1658178128 12162 5 0x8F
1658178144 12162 5 0x8F
1658178161 12162 5 0x8F
1658178177 12162 5 0x8F
1658178194 12162 5 0x8F
1658178210 12138 5 0x8F
1658178227 12138 5 0x8F
1658178243 12162 5 0x8F
1658178260 12162 5 0x8F
1658178276 12162 5 0x8F
1658178293 12162 5 0x8F
1658178309 12162 5 0x8F
1658178326 12162 5 0x8F
1658178342 12162 5 0x8F
1658178359 12162 5 0x8F
1658178375 12162 5 0x8F
1658178392 12162 5 0x8F
1658178409 12162 5 0x8F
1658178425 12162 5 0x8F
1658178442 12162 5 0x8F
1658178458 12162 5 0x8F
1658178475 12162 5 0x8F
1658178491 12138 5 0x8F
1658178508 12138 5 0x8F
1658178524 12138 5 0x8F
1658178541 12138 5 0x8F
1658178557 12120 5 0x8F
1658178574 12162 5 0x8F
1658178590 12138 5 0x8F
1658178607 12162 5 0x8F
1658178623 12162 5 0x8F
1658178640 12138 5 0x8F
1658178657 12138 5 0x8F
1658178673 12138 5 0x8F
1658178690 12162 5 0x8F
1658178706 12138 5 0x8F
1658178723 12138 5 0x8F
1658178739 12120 5 0x8F
1658178756 12120 5 0x8F
1658178772 12138 5 0x8F
1658178789 12138 5 0x8F
1658178805 12138 5 0x8F
1658178822 12120 5 0x8F
1658178838 12138 5 0x8F
1658178855 12138 5 0x8F
1658178871 12138 5 0x8F
1658178888 12120 5 0x8F
1658178904 12138 5 0x8F
1658178921 12138 5 0x8F
1658178938 12120 5 0x8F
1658178954 12120 5 0x8F
1658178971 12138 5 0x8F
1658178987 12120 5 0x8F
1658179004 12138 5 0x8F
1658179020 12138 5 0x8F
1658179037 12120 5 0x8F
1658179053 12120 5 0x8F
1658179070 12120 5 0x8F
1658179086 12120 5 0x8F
1658179103 12120 5 0x8F
1658179119 12102 5 0x8F
1658179136 12120 5 0x8F
1658179152 12120 5 0x8F
1658179169 12120 5 0x8F
1658179186 12120 5 0x8F
1658179202 12120 5 0x8F
1658179219 12120 5 0x8F
1658179235 12120 5 0x8F
1658179252 12120 5 0x8F
1658179268 12120 5 0x8F
1658179285 12120 5 0x8F
1658179301 12120 5 0x8F
1658179318 12120 5 0x8F
1658179334 12120 5 0x8F
1658179351 12102 5 0x8F
1658179367 12102 5 0x8F
1658179384 12102 5 0x8F
1658179400 12120 5 0x8F
1658179417 12120 5 0x8F
1658179433 12120 5 0x8F
1658179450 12102 5 0x8F
1658179467 1212  5 0x8F
1658179483 12120 5 0x8F
1658179500 12120 5 0x8F
1658179533 12120 5 0x8F   1210  5 0x8F
1658179549 12120 5 0x8F
1658179566 12102 5 0x8F
1658179582 12120 5 0x8F
1658179599 12102 5 0x8F
1658179615 12120 5 0x8F
1658179632 12120 5 0x8F
1658179648 12102 5 0x8F
1658179665 12102 5 0x8F
1658179681 12102 5 0x8F
1658179698 12102 5 0x8F
1658179715 12084 5 0x8F
1658179731 12102 5 0x8F
1658179748 12102 5 0x8F
1658179764 12102 5 0x8F
1658179781 12084 5 0x8F
1658179797 12102 5 0x8F
1658179830 12102 5 0x8F   12084 5 0x8F
1658179847 12102 5 0x8F
1658179863 12102 5 0x8F
1658179880 12084 5 0x8F
1658179896 12102 5 0x8F
1658179913 12102 5 0x F
1658179930 12084 5 0x8F
1658179946 12084 5 0x8F
1658179963 12102 5 0x8F
1658179979 12102 5 0x8F
1658179996 12102 5 0x8F
1658180012 12084 5 0x8F
1658180029 12102 5 0x8F
1658180045 12084 5 0x8F
1658180062 12084 5 0x8F
1658180078 12084 5 0x8F
1658180095 12084 5 0x8F
1658180111 12084 5 0x8F
1658180128 12084 5 0x8F
1658180145 1 084 5 0x8F
1658180161 12084 5 0x8F
1658180178 12060 5 0x8F
1658180194 12084 5 0x8F
1658180211 12084 5 0x8F
1658180227 12084 5 0x8F
1658180244 12084 5 0x8F
1658180260 12084 5 0x8F
1658180277 12084 5 0x8F
1658180293 12060 5 0x8F
1658180310 12060 5 0x8F
1658180326 12042 5  x8F
1658180343 12060 5 0x8F
1658180359 12042 5 0x8F
1658180376 12060 5 0x8F
1658180392 12042 5 0x8F
1658180409 12042 5 0x8F
1658180426 12042 5 0x8F
1658180442 12042 5 0x8F
1658180459 12042 5 0x8F
1658180475 12042 5 0x8F
1658180492 12042 5 0x8F
1658180508 12042 5 0x8F
1658180525 12042 5 0x8F
1658180541 12042 5 0x8F
1658180558 12042 5 0x8F
1658180574 12042 5 0x8F
1658180591 12042 5 0x8F
1658180607 12042 5 0x8F
1658180624 12042 5 0x8F
1658180640 12042 5 0x8F
1658180657 12042 5 0x8F
1658180673 12042 5 0x8F
1658180690 12042 5 0x8F
1658180706 12042 5 0x8F
1658180723 12042 5 0x8F
1658180739 12042 5 0x8F
1658180756 12042 5 0x8F
1658180772 12024 5 0x8F
1658180789 12042 5 0x8F
1658180806 12042 5 0x8F
1658180822 12042 5 0x8F
1658180839 12024 5 0x8F
1658180855 12042 5 0x8F
1658180872 12042 5 0x8F
1658180888 12042 5 0x8F
1658180905 12042 5 0x8F
1658180921 12024 5 0x8F
1658180938 12042 5 0x8F
1658180954 12042 5 0x8F
1658180971 12042 5 0x8F
1658180987 12024 5 0x8F
1658181004 12042 5 0x8F
1658181020 12024 5 0x8F
1658181037 12042 5 0x8F
1658181054 12024 5 0x8F
1658181070 12024 5 0x8F
1658181087 12006 5 0x8F
1658181103 12024 5 0x8F
1658181120 12024 5 0x8F
1658181136 12024 5 0x8F
1658181153 12024 5 0x8F
1658181169 12024 5 0x8F
1658181186 12024 5 0x8F
1658181202 12024 5 0x8F
1658181219 12024 5 0x8F
1658181235 12024 5 0x8F
1658181252 12006 5 0x8F
1658181268 12006 5 0x8F
1658181285 12024 5 0x8F
1658181302 12024 5 0x8F
1658181318 12024 5 0x8F
1658181335 12024 5 0x8F
1658181351 12006 5 0x8F
1658181368 12006 5 0x8F
1658181384 11988 5 0x8F
1658181401 12006 5 0x8F
1658181417 11988 5 0x8F
1658181434 12006 5 0x8F
1658181450 12006 5 0x8F
1658181467 12006 5 0x8F
1658181483 12006 5 0x8F
1658181500 12006 5 0x8F
1658181516 12006 5 0x8F
1658181533 11988 5 0x8F
1658181550 12006 5 0x8F
1658181566 12006 5 0x8F
1658181583 12006 5 0x8F
1658181599 12006 5 0x8F
1658181616 12006 5 0x8F
1658181632 11988 5 0x8F
1658181649 11988 5 0x8F
1658181665 11988 5 0x8F
1658181682 11988 5 0x8F
1658181698 11988 5 0x8F
1658181715 12006 5 0x8F
1658181731 12006 5 0x8F
1658181748 11988 5 0x8F
1658181764 11988 5 0x8F
1658181781 11988 5 0x8F
1658181798 11964 5 0x8F
1658181814 11988 5 0x8F
1658181831 11988 5 0x8F
1658181847 11964 5 0x8F
1658181864 11964 5 0x8F
1658181880 11964 5 0x8F
1658181897 11964 5 0x8F
1658181913 11964 5 0x8F
1658181930 11964 5 0x8F
1658181946 11964 5 0x8F
1658181963 11964 5 0x8F
1658181979 11964 5 0x8F
1658181996 11964 5 0x8F
1658182012 11964 5 0x8F
1658182029 11946 4 0x0F
1658182046 11946 4 0x0F
1658182062 11964 5 0x8F
1658182079 11964 5 0x8F
1658182095 11964 5 0x8F
1658182112 11964 5 0x8F
1658182128 11964 5 0x8F
1658182145 11964 5 0x8F
1658182161 11946 4 0x0F
1658182178 11964 5 0x8F
1658182194 11964 5 0x8F
1658182211 11964 5 0x8F
1658182227 11964 5 0x8F
1658182244 11964 5 0x8F
1658182260 11946 4 0x0F
1658182277 11946 4 0x0F
1658182293 11928 4 0x0F
1658182310 11946 4 0x0F
1658182327 11946 4 0x0F
1658182343 11928 4 0x0F
1658182360 11946 4 0x0F
1658182376 11946 4 0x0F
1658182393 11928 4 0x0F
1658182409 11946 4 0x0F
1658182426 11946 4 0x0F
1658182442 11946 4 0x0F
1658182459 11946 4 0x0F
1658182475 11928 4 0x0F
1658182492 11946 4 0x0F
1658182508 11928 4 0x0F
1658182525 11946 4 0x0F
1658182541 11946 4 0x0F
1658182558 11928 4 0x0F
1658182575 11928 4 0x0F
1658182591 11928 4 0x0F
1658182608 11928 4 0x0F
1658182624 11928 4 0x0F
1658182641 11928 4 0x0F
1658182657 11928 4 0x0F
1658182674 11928 4 0x0F
1658182690 11928 4 0x0F
1658182707 11928 4 0x0F
1658182723 11928 4 0x0F
1658182740 11928 4 0x0F
1658182756 11928 4 0x0F
1658182773 11910 4 0x0F
1658182790 11910 4 0x0F
1658182806 11928 4 0x0F
1658182823 11928 4 0x0F
1658182839 11928 4 0x0F
1658182856 11928 4 0x0F
1658182872 11910 4 0x0F
1658182889 11910 4 0x0F
1658182905 11928 4 0x0F
1658182922 11910 4 0x0F
1658182938 11886 4 0x0F
1658182955 11886 4 0x0F
1658182971 11886 4 0x0F
1658182988 11910 4 0x0F
1658183005 11910 4 0x0F
1658183021 11886 4 0x0F
1658183038 11886 4 0x0F
1658183054 11886 4 0x0F
1658183071 11910 4 0x0F
1658183087 11886 4 0x0F
1658183104 11910 4 0x0F
1658183120 11910 4 0x0F
1658183137 11886 4 0x0F
1658183153 11886 4 0x0F
1658183170 11886 4 0x0F
1658183186 11886 4 0x0F
1658183203 11886 4 0x0F
1658183219 11868 4 0x0F
1658183236 11886 4 0x0F
1658183252 11886 4 0x0F
1658183269 11886 4 0x0F
1658183286 11886 4 0x0F
1658183302 11886 4 0x0F
1658183319 11886 4 0x0F
1658183335 11886 4 0x0F
1658183352 11886 4 0x0F
1658183368 11886 4 0x0F
1658183385 11868 4 0x0F
1658183401 11886 4 0x0F
1658183418 11886 4 0x0F
1658183434 11886 4 0x0F
1658183451 11886 4 0x0F
1658183467 11868 4 0x0F
1658183484 11868 4 0x0F
1658183500 11886 4 0x0F
1658183517 11868 4 0x0F
1658183534 11886 4 0x0F
1658183550 11850 4 0x0F
1658183567 11868 4 0x0F
1658183583 11850 4 0x0F
1658183600 11850 4 0x0F
1658183616 11868 4 0x0F
1658183633 11850 4 0x0F
1658183649 11850 4 0x0F
1658183666 11868 4 0x0F
1658183682 11868 4 0x0F
1658183699 11868 4 0x0F
1658183715 11868 4 0x0F
1658183732 11868 4 0x0F
1658183749 11850 4 0x0F
1658183765 11850 4 0x0F
1658183782 11850 4 0x0F
1658183798 11850 4 0x0F
1658183815 11850 4 0x0F
1658183831 11850 4 0x0F
1658183848 11850 4 0x0F
1658183864 11850 4 0x0F
1658183881 11850 4 0x0F
1658183897 11850 4 0x0F
1658183914 11850 4 0x0F
1658183930 11850 4 0x0F
1658183947 11850 4 0x0F
1658183963 11850 4 0x0F
1658183980 11850 4 0x0F
1658183997 11850 4 0x0F
1658184013 11832 4 0x0F
1658184030 11850 4 0x0F
1658184046 11850 4 0x0F
1658184063 11814 4 0x0F
1658184079 11832 4 0x0F
1658184096 11832 4 0x0F
1658184112 11850 4 0x0F
1658184129 11832 4 0x0F
1658184145 11814 4 0x0F
1658184162 11832 4 0x0F
1658184178 11832 4 0x0F
1658184195 11832 4 0x0F
1658184211 11832 4 0x0F
1658184228 11832 4 0x0F
1658184244 11832 4 0x0F
1658184261 11814 4 0x0F
1658184277 11814 4 0x0F
1658184294 11832 4 0x0F
1658184311 11832 4 0x0F
1658184327 11832 4 0x0F
1658184344 11814 4 0x0F
1658184360 11832 4 0x0F
1658184377 11814 4 0x0F
1658184393 11814 4 0x0F
1658184410 11814 4 0x0F
1658184426 11814 4 0x0F
1658184443 11814 4 0x0F
1658184459 11814 4 0x0F
1658184476 11814 4 0x0F
1658184492 11814 4 0x0F
1658184509 11814 4 0x0F
1658184525 11814 4 0x0F
1658184542 11814 4 0x0F
1658184558 11814 4 0x0F
1658184575 11814 4 0x0F
1658184591 11814 4 0x0F
1658184608 11814 4 0x0F
1658184624 11814 4 0x0F
1658184641 11814 4 0x0F
1658184658 11814 4 0x0F
1658184674 11814 4 0x0F
1658184691 11790 4 0x0F
1658184707 11772 4 0x0F
1658184724 11814 4 0x0F
1658184740 11790 4 0x0F
1658184757 11814 4 0x0F
1658184773 11790 4 0x0F
1658184790 11814 4 0x0F
1658184806 11814 4 0x0F
1658184823 11814 4 0x0F
1658184839 11790 4 0x0F
1658184856 11814 4 0x0F
1658184872 11772 4 0x0F
1658184889 11772 4 0x0F
1658184906 11790 4 0x0F
1658184922 11772 4 0x0F
1658184939 11790 4 0x0F
1658184955 11790 4 0x0F
1658184972 11790 4 0x0F
1658184988 11790 4 0x0F
1658185005 11790 4 0x0F
1658185021 11790 4 0x0F
1658185038 11790 4 0x0F
1658185054 11790 4 0x0F
1658185071 11772 4 0x0F
1658185087 11772 4 0x0F
1658185104 11772 4 0x0F
1658185120 11772 4 0x0F
1658185137 11772 4 0x0F
1658185154 11772 4 0x0F
1658185170 11736 4 0x0F
1658185187 11772 4 0x0F
1658185203 11772 4 0x0F
1658185220 11772 4 0x0F
1658185236 11772 4 0x0F
1658185253 11772 4 0x0F
1658185269 11772 4 0x0F
1658185286 11772 4 0x0F
1658185302 11772 4 0x0F
1658185319 11772 4 0x0F
1658185335 11772 4 0x0F
1658185352 11772 4 0x0F
1658185368 11736 4 0x0F
1658185385 11754 4 0x0F
1658185401 11754 4 0x0F
1658185418 11772 4 0x0F
1658185435 11772 4 0x0F
1658185451 11754 4 0x0F
1658185468 11736 4 0x0F
1658185484 11754 4 0x0F
1658185501 11736 4 0x0F
1658185517 11754 4 0x0F
1658185534 11736 4 0x0F
1658185550 11772 4 0x0F
1658185567 11736 4 0x0F
1658185583 11736 4 0x0F
1658185600 11754 4 0x0F
1658185616 11736 4 0x0F
1658185633 11754 4 0x0F
1658185649 11736 4 0x0F
1658185666 11736 4 0x0F
1658185682 11736 4 0x0F
1658185699 11736 4 0x0F
1658185715 11736 4 0x0F
1658185732 11736 4 0x0F
1658185749 11736 4 0x0F
1658185765 11736 4 0x0F
1658185782 11736 4 0x0F
1658185798 11736 4 0x0F
1658185815 11736 4 0x0 
1658185831 11736 4 0x0F
1658185848 11736 4 0x0 
1658185864  1736 4 0x0F
1658185881 11736 4 0x0F
1658185897 11736 4 0x0F
1658185914 11736 4 0x0F
1658185930 11736 4 0x0F
1658185947 11736 4 0x0F
1658185963 11736 4 0x0F
1658185980 11712 4 0x0F
1658185996 11736 4 0x0F
1658186013 11736 4 0x0F
1658186030 11736 4 0x0F
1658186046 11736 4 0x0F
1658186063 11736 4 0x0F
1658186079 11736 4 0x0F
1658186096 11736 4 0x0F
1658186112 11736 4 0x0F
1658186129 11736 4 0x0F
1658186145 11712 4 0x0F
1658186162 11736 4 0x0F
1658186178 11736 4 0x0F
1658186195 11712 4 0x0F
1658186211 11736 4 0x0F
1658186228 11712 4 0x0F 
1658186244 11736 4 0x F
1658186261 11712 4 0x0F
1658186277 11712 4 0x0F
1658186294 11694 4 0x0F
1658186310 11736 4 0x0F
1658186327 11712 4 0x0F 
1658186343 11736 4 0x0F
1658186360 11712 4 0x0F
1658186376 11712 4 0x0F
1658186393 11694 4 0x0F
1658186410 11712 4 0x0F
1658186426 11694 4 0x0F
1658186443 11712 4 0x0F
1658186459 11 12 4 0x0F
1658186476 11712 4 0x0F
1658186492 11712 4 0x0F
1658186525 11694 4 0x0F   11694 4 0x0F
1658186542 11712 4 0x0F
1658186558 11694 4 0x0F
1658186591 11694 4 0x0F   11694 4 0x0F
1658186608 11712 4 0x0F
1658186624 11694 4 0x0F
1658186641 11694 4 0x0F
1658186657 11694 4 0x0F
1658186674 11694 4 0x0F
1658186690 11676 4 0x0F
1658186707 11676 4 0x0F
1658186723 11694 4 0x0F
1658186740 11676 4 0x  
1658186756 11694 4 0x0F
1658186773 11676 4 0x0F
1658186789 11694 4 0x0F
1658186806 11676 4 0x0F
1658186823 11694 4  x0F
1658186839 11676 4 0x0F
1658186856 11694 4 0x0F
1658186872 11694 4 0x0F
1658186889 11694 4 0x0F
1658186905 11694 4 0x0F
1658186922 11694 4 0x0F
1658186938 11676 4 0x0F
1658186955 11694 4 0x0F
1658186971 11676 4 0x0F
1658186988 11676 4 0x0F
1658187004 11694 4 0x0F
1658187021 11694 4 0x0 
1658187037  11694 4 0x0F
1658187054 11694 4 0x0F
1658187070 11694 4 0x0F
1658187087 11676 4 0x0F
1658187104 11694 4 0x0F
1658187120 11676 4 0x0F
1658187137 11658 4 0x0F
1658187153 11676 4 0x0F
1658187170 11676 4 0x0F
1658187186 11676 4 0x0F
1658187203 11658 4 0x0F
1658187219 11676 4 0x0F
1658187236 11658 4 0x0F
1658187252 11658 4 0x0F
1658187269 11676 4 0x0F
1658187285 11658 4 0x0F
1658187302 11676 4 0x0F
1658187318 11658 4 0x0F
1658187335 11658 4 0x0F
1658187352 1165  4 0x0F
1658187368 11658 4 0x0F
1658187385 11658 4 0x0F
1658187401 11676 4 0x0F
1658187418 11658 4 0x0F
1658187434 11676 4 0x0F
1658187451 11658 4 0x0F
1658187467 11658 4  x0F
1658187484 11658 4  x0F
1658187500 11658 4 0x0F
1658187517 11658 4 0x0F
1658187533 11658 4 0x0F
1658187550 11658 4 0x0F
1658187566 11658 4 0x0F
1658187583 11658 4 0x0F
1658187599 11658 4 0x0F
1658187616 11640 4 0x0F
1658187633 11658 4 0x0F
1658187649 11658 4 0x0F
1658187666 11640 4 0x0F
1658187682 11658 4 0x0F
1658187699 11658 4 0x0F
1658187715 11658 4 0x0F
1658187732 11658 4 0x0F
1658187748 11658 4 0x0F
1658187765 11658 4 0x0F
1658187781 11658 4 0x0F
1658187798 11658 4 0x0F
1658187814 11640 4 0x0F 
1658187831 11640 4 0x0F
1658187847 11658 4 0x0F
1658187864 11640 4 0x0F
1658187880 11640 4 0x0F
1658187897 11640 4 0x0F
1658187913 11658 4 0x0F
1658187930 11640 4 0x0F
1658187946 11640 4 0x0F
1658187963 11658   0x0F
1658187979 11658 4 0x0F
1658187996 11640 4 0x0F
1658188012 11640 4 0x0F
1658188029 11640 4 0x0F
1658188045 11640 4 0x0F
1658188062 11640 4 0x0F
1658188079 11640 4 0x0F
1658188095 11640 4 0x0F
1658188112 11640 4 0x0F
1658188128 11640 4 0x0F
1658188145 11640 4 0x0F
1658188161 11640 4 0x0F
1658188178 11640 4 0x0F
1658188194 11616 4 0x0F
1658188211 11616 4 0x0F
1658188227 11616 4 0x0F
1658188244 1164  4 0x0F
1658188260 11616 4 0x0F
1658188277 11640 4 0x0F
1658188293 11640 4 0x0F
1658188310 11616 4 0x0F
1658188326 11616 4 0x0F
1658188343 11640 4 0x0F
1658188359 11616 4 0 0F
1658188376 11616 4 0x0F
1658188392 11616 4 0x0F
1658188409 11616 4 0x0F
1658188425 11598 4 0x0F
1658188442 11616 4 0x0F
1658188458 11616 4 0x0F
1658188475 11616 4 0x0F
1658188492 11616 4 0x0F
1658188508 11616 4 0x0F
1658188525 11616 4 0x0F
1658188541  11616 4 0x0F
1658188558 11616 4 0x0F
1658188574 11616 4 0x0F
1658188591 11616 4 0x0F
1658188607 11616 4 0x0F
1658188624 11616 4 0x0F
1658188640 11598 4 0x0F
1658188657 11616 4 0x0F
1658188673 11598 4 0x0F
1658188690 11616 4 0x0F
1658188706 11598 4 0x0F
1658188723 11616 4 0x0F
1658188739 11598 4 0x0F
1658188756 11598 4 0x0F
1658188772 11616 4 0x0F
1658188789 11616 4 0x0F
1658188805 11580 4 0x0F
1658188822 11598 4 0x0F
1658188839 11598 4 0x0F
1658188855 11580 4 0x0F
1658188872 11598 4 0x0F
1658188888 11598 4 0x0F
1658188905 11580 4 0x0F
1658188921 11598 4 0x0F
1658188938 11580 4 0x0F
1658188954 11598 4 0x0F
1658188971 11598 4 0x0F
1658188987 11580 4 0x0F
1658189004 11598 4 0x0F
1658189020 11580 4 0x0F
1658189037 11580 4 0x0F
1658189053 11580 4 0x0F
1658189070 11580 4 0x0F
1658189086 11580 4 0x0F
1658189103 11580 4 0x0F
1658189119 11562 4 0x0F
1658189136 11580 4 0x0F
1658189152 11580 4 0x0F
1658189169 115 0 4 0x0F
1658189186 11580 4 0x0F
1658189202 11580 4 0x0F
1658189219 11580 4 0x0F
1658189235 11580 4 0x0F
1658189252 11580 4 0x0F
1658189268 11580 4 0x0F
1658189285 11580 4 0x0F
1658189301 11580 4 0x0F
1658189318 11580 4 0x0F
1658189334 11580 4 0x0F
1658189351 11580 4 0x0F
1658189367 11580 4 0x0F
1658189384 11562 4 0x0F
1658189400 11580 4 0x0F
1658189417 11580 4 0x0F
1658189433 11580 4 0x0F
1658189450 11562 4 0x0F
1658189466 11562 4 0x0F
1658189483 11580 4 0x0F
1658189499 11580 4 0x0F
1658189516 11562 4 0x0F
1658189532 11580 4 0x0F
1658189549 11580 4 0x0F
1658189566 11580 4 0x0F
1658189582 11562 4 0x0F
1658189599 11562 4 0x0F
1658189615 11580 4 0x0F
1658189632 11562 4 0x0F
1658189648 11562 4 0x0F
1658189665 11580 4 0x0F
1658189681 11562 4 0x0F
1658189698 11562 4 0x0F
1658189714 11562 4 0x0F
1658189731 11538   0x0F
1658189747 11562 4 0x0F
1658189764 11562 4 0x0F
1658189780 11562 4 0x0F
1658189797 11562 4 0x0F
1658189813 11562 4 0x0F
1658189830 11562 4 0x0F
1658189846 11538 4 0x0F
1658189863 11562 4 0x0F
1658189880 11538 4 0x0F
1658189896 11538 4 0x F
1658189913 11538 4 0x0F
1658189929 11538 4 0x0F
1658189946 11538 4 0x0F
1658189962 11520 4 0x0F
1658189979 11538 4 0x0F
1658189995 11520 4 0x0F
1658190012 11538 4 0x0F
1658190028 11538 4 0x0F
1658190045 11538 4 0x0F
1658190061 11538 4 0x0F
1658190078 11538 4 0x0F
1658190094 11538 4 0x0F
1658190111 11538 4 0x0F
1658190127 11538 4 0x0F
1658190144 11520 4 0x0F
1658190160 11538 4 0x0F
1658190177 11538 4 0x0F
1658190193 11520 4 0x0F
1658190210 11538 4 0x0F
1658190227 11520 4 0x0 
1658190243 11520 4 0x0F
1658190260 11538 4 0x0F
1658190276 11538 4 0x0F
1658190293 11538 4 0x0F
1658190309 11520 4 0x0F
1658190326 11502 4 0x0F
1658190342 11538 4 0x0F
1658190359 11520 4 0x0F
1658190375 11520 4 0x0F
1658190392 11538 4 0x0F
1658190408 11520 4 0x0F
1658190425 11520 4 0x0F
1658190441 11520 4 0x0F
1658190458 11520 4 0x0F
1658190474 11520 4 0x0F
1658190491 11520 4 0x0F
1658190507 11520 4 0x0F
1658190524 11520 4 0x0F
1658190540 11502 4 0x0F
1658190557 11520 4 0x0F
1658190573 11502 4 0x0F
1658190590 11520 4 0x0F
1658190606 11502 4 0x0F
1658190623 11520 4 0x0F
1658190639 11502 4 0x0F
1658190656 11502 4 0x0F
1658190672 11502 4 0x0F
1658190689 11502 4 0x0F
1658190706 11520 4 0x0F
1658190722 11502 4 0x0F
1658190739 11502 4 0x0F
1658190755 11502 4 0x0F
1658190772 11502 4 0x0F
1658190788 11502 4 0x0F
1658190805 11502 4 0x0F
1658190821 11502 4 0x0F
1658190838 11502 4 0x0F
1658190854 11484 4 0x0F
1658190871 11502 4 0x0F
1658190887 11502 4 0x0F
1658190904 11502 4 0x0F
1658190920 11502 4 0x0F
1658190937 11502 4 0x0F
1658190953 11484 4 0x0F
1658190970 11502 4 0x0F
1658190986 11502 4 0x0F
1658191003 11502 4 0x0F
1658191019 11484 4 0x0F
1658191036 11466 4 0x0F
1658191052 11502 4 0x0F
1658191069 11502 4 0x0F
1658191086 11502 4 0x0F 
1658191102 11484 4 0x0F
1658191119 11484 4 0x0F
1658191135 11502 4 0x0F
1658191152 11466 4 0x0F
1658191168 11484 4 0x0F
1658191185 11484 4 0x0F
1658191201 11484 4 0x0F
1658191218 11484 4 0x0F
1658191234 11484 4 0x0F
1658191251 11466 4 0x0F
1658191267 11484 4 0x0F
1658191284 11484 4  x0F
1658191300 11484 4 0x0F
1658191317 11484 4 0x0F
1658191333 11466 4 0x0F
1658191350 11484 4 0x0F
1658191366 11484 4 0x0F
1658191383 11484 4 0x0F
1658191399 11466 4 0x0F
1658191416 11466 4 0x0F
1658191432 11466 4 0x0F
1658191449 11466 4 0x0F
1658191465 11466 4 0x0F
1658191482 11466 4 0x0F
1658191498 11466 4 0x0F
1658191515 11466 4 0x0F
1658191531 11466 4 0x0F
1658191548 11466 4 0x0F
1658191564 11466 4 0x0F
1658191581 11466 4 0x0F
1658191597 11466 4 0x0F
1658191614 11466 4 0x0F
1658191631 11466 4 0x0F
1658191647 11466 4 0x0F
1658191664 11466 4 0x0F
1658191680 11466 4 0x0F
1658191697 11466 4 0x0F
1658191713 11442 4 0x0F
1658191730 11424 4 0x0F
1658191746 11442 4 0x0F
1658191763 11424 4 0x0F
1658191779 11442 4 0x0F
1658191796 11466 4 0x0F
1658191812 11424 4 0x0F
1658191829 11424 4 0x0F
1658191845 11466 4 0x0F
1658191862 11442 4 0x0F
1658191878 11442 4 0x0F
1658191895 11424 4 0x0F
1658191911 11424 4 0x0F
1658191928 11442 4 0x0F
1658191945 11442 4 0x0F
1658191961 11424 4 0x0F
1658191978 11424 4 0x0F
1658191994 11424 4 0x0F
1658192011 11424 4 0x0F
1658192027 11424 4 0x0F
1658192044 11424 4 0x0F
1658192060 11424 4 0x0F
1658192077 11424 4 0x0F
1658192093 11424 4 0x0F
1658192110 11424 4 0x0F
1658192126 11424 4 0x0F
1658192143 11424 4 0x0F
1658192159 11424 4 0x0F
1658192176 11424 4 0x0F
1658192192 11424 4 0x0F
1658192209 11424 4 0x0F
1658192225 11424 4 0x0F
1658192242 11424 4 0x0F
1658192258 11424 4 0x0F
1658192275 11424 4 0x0F
1658192292 11424 4 0x0F
1658192308 11424 4 0x0F
1658192325 11424 4 0x0F
1658192341 11424 4 0x0F
1658192358 11424 4 0x0F
1658192374 11406 4 0x0F
1658192391 11388 4 0x0F
1658192407 11406 4 0x0F
1658192424 11424 4 0x0F
1658192440 11388 4 0x0F
1658192457 11406 4 0x0F
1658192473 11424 4 0x0F
1658192490 11424 4 0x0F
1658192506 11406 4 0x0F
1658192523 11406 4 0x0F
1658192539 11388 4 0x0F
1658192556 11406 4 0x0F
1658192572 11388 4 0x0F
1658192589 11406 4 0x0F
1658192605 11388 4 0x0F
1658192622 11388 4 0x0F
1658192638 11406 4 0x0F
1658192655 11388 4 0x0F
1658192671 11406 4 0x0F
1658192688 11388 4 0x0F
1658192705 11388 4 0x0F
1658192721 11388 4 0x0F
1658192738 11388 4 0x0F
1658192754 11388 4 0x0F
1658192771 11388 4 0x0F
1658192787 11388 4 0x0F
1658192804 11388 4 0x0F
1658192820 11388 4 0x0F
1658192837 11388 4 0x0F
1658192853 11388 4 0x0F
1658192870 11388 4 0x0F
1658192886 11364 4 0x0F
1658192903 11388 4 0x0F
1658192919 11364 4 0x0F
1658192936 11388 4 0x0F
1658192953 11388 4 0x0F
1658192969 11364 4 0x0F
1658192986 11388 4 0x0F
1658193002 11364 4 0x0F
1658193019 11364 4 0x0F
1658193035 11364 4 0x0F
1658193052 11364 4 0x0F
1658193068 11364 4 0x0F
1658193085 11364 4 0x0F
1658193101 11364 4 0x0F
1658193118 11364 4 0x0F
1658193134 11346 4 0x0F
1658193151 11346 4 0x0F
1658193167 11364 4 0x0F
1658193184 11346 4 0x0F
1658193200 11346 4 0x0F
1658193217 11346 4 0x0F
1658193234 11346 4 0x0F
1658193250 11346 4 0x0F
1658193267 11346 4 0x0F
1658193283 11346 4 0x0F
1658193300 11346 4 0x0F
1658193316 11346 4 0x0F
1658193333 11346 4 0x0F
1658193349 11346 4 0x0F
1658193366 11328 4 0x0F
1658193382 11346 4 0x0F
1658193399 11346 4 0x0F
1658193415 11346 4 0x0F
1658193432 11346 4 0x0F
1658193448 11310 4 0x0F
1658193465 11328 4 0x0F
1658193481 11346 4 0x0F
1658193498 11346 4 0x0F
1658193514 11328 4 0x0F
1658193531 11328 4 0x0F
1658193548 11346 4 0x0F
1658193564 11328 4 0x0F
1658193581 11328 4 0x0F
1658193597 11328 4 0x0F
1658193614 11328 4 0x0F
1658193630 11328 4 0x0F
1658193647 11328 4 0x0F
1658193663 11328 4 0x0F
1658193680 11310 4 0x0F
1658193696 11328 4 0x0F
1658193713 11310 4 0x0F
1658193729 11328 4 0x0F
1658193746 11310 4 0x0F
1658193762 11310 4 0x0F
1658193779 11310 4 0x0F
1658193795 11310 4 0x0F
1658193812 11310 4 0x0F
1658193828 11310 4 0x0F
1658193845 11310 4 0x0F
1658193861 11310 4 0x0F
1658193878 11292 4 0x0F
1658193894 11310 4 0x0F
1658193911 11310 4 0x0F
1658193928 11292 4 0x0F
1658193944 11310 4 0x0F
1658193961 11292 4 0x0F
1658193977 11310 4 0x0F
1658193994 11292 4 0x0F
1658194010 11310 4 0x0F
1658194027 11268 4 0x0F
1658194043 11292 4 0x0F
1658194060 11292 4 0x0F
1658194076 11292 4 0x0F
1658194093 11292 4 0x0F
1658194109 11292 4 0x0F
1658194126 11268 4 0x0F
1658194142 11292 4 0x0F
1658194159 11292 4 0x0F
1658194175 11268 4 0x0F
1658194192 11268 4 0x0F
1658194209 11268 4 0x0F
1658194225 11268 4 0x0F
1658194242 11268 4 0x0F
1658194258 11268 4 0x0F
1658194275 11268 4 0x0F
1658194291 11268 4 0x0F
1658194308 11268 4 0x0F
1658194324 11268 4 0x0F
1658194341 11268 4 0x0F
1658194357 11268 4 0x0F
1658194374 11268 4 0x0F
1658194390 11268 4 0x0F
1658194407 11268 4 0x0F
1658194423 11250 4 0x0F
1658194440 11268 4 0x0F
1658194456 11268 4 0x0F
1658194473 11250 4 0x0F
1658194490 11268 4 0x0F
1658194506 11268 4 0x0F
1658194523 11268 4 0x0F
1658194539 11250 4 0x0F
1658194556 11250 4 0x0F
1658194572 11250 4 0x0F
1658194589 11250 4 0x0F
1658194605 11250 4 0x0F
1658194622 11250 4 0x0F
1658194638 11250 4 0x0F
1658194655 11250 4 0x0F
1658194671 11232 4 0x0F
1658194688 11232 4 0x0F
1658194704 11250 4 0x0F
1658194721 11232 4 0x0F
1658194737 11232 4 0x0F
1658194754 11232 4 0x0F
1658194771 11232 4 0x0F
1658194787 11232 4 0x0F
1658194804 11232 4 0x0F
1658194820 11232 4 0x0F
1658194837 11232 4 0x0F
1658194853 11214 4 0x0F
1658194870 11232 4 0x0F
1658194886 11232 4 0x0F
1658194903 11232 4 0x0F
1658194919 11232 4 0x0F
1658194936 11232 4 0x0F
1658194952 11232 4 0x0F
1658194969 11232 4 0x0F
1658194985 11232 4 0x0F
1658195002 11232 4 0x0F
1658195019 11214 4 0x0F
1658195035 11232 4 0x0F
1658195052 11214 4 0x0F
1658195068 11214 4 0x0F
1658195085 11214 4 0x0F
1658195101 11214 4 0x0F
1658195118 11214 4 0x0F
1658195134 11190 4 0x0F
1658195151 11214 4 0x0F
1658195167 11214 4 0x0F
1658195184 11190 4 0x0F
1658195200 11214 4 0x0F
1658195217 11190 4 0x0F
1658195233 11214 4 0x0F
1658195250 11214 4 0x0F
1658195266 11214 4 0x0F
1658195283 11190 4 0x0F
1658195299  1190 4 0x0F
1658195316 11190 4 0x0F
1658195332 11190 4 0x0F
1658195349 11190 4 0x0F
1658195366 11190 4 0x0F
1658195382 11190 4 0x0F
1658195399 11190 4 0x0F
1658195415 11190 4 0x0F
1658195432 11190 4 0x0F
1658195448 11172 4 0x0F
1658195465 11190 4 0x0F
1658195481 11190 4 0x0F
1658195498 11190 4 0x0F
1658195514 11190 4 0x0F
1658195531 11190 4 0x0F
1658195547 11154 4 0x0F
1658195564 11190 4 0x0F
1658195580 11190 4 0x0F
1658195597 11172 4 0x0F
1658195613 11172 4 0x0F
1658195630 11190 4 0x0F
1658195646 11172 4 0x0F
1658195663 11172 4 0x0F
1658195680 11172 4 0x0F
1658195696 11172 4 0x0F
1658195713 11172 4 0x0F
1658195729 11172 4 0x0F
1658195746 11172 4 0x0F
1658195762 11172 4 0x0F
1658195779 11172 4 0x0F
1658195795 11172 4 0x0F
1658195812 11172 4 0x0F
1658195828 11172 4 0x0F
1658195845 11172 4 0x0F
1658195861 11172 4 0x0F
1658195878 11172 4 0x0F
1658195895 11172 4 0x0F
1658195911 11154 4 0x0F
1658195928 11 72 4 0x0F
1658195944 11172 4 0x0F
1658195961 11154 4 0x0F
1658195977 11154 4 0x0F
1658195994 11154 4 0x0F
1658196010 11154 4 0x0F
1658196027 11154 4 0x0F
1658196043 11154 4 0x0F
1658196060 11154 4 0x0F
1658196076 11154 4 0x0F
1658196093 11154 4 0x0F
1658196109 11154 4 0x0F
1658196126 11154 4 0x0F
1658196142 11154 4 0x0F
1658196159 11154 4 0x0F
1658196175 11154 4 0x0F
1658196192 11154 4 0x0F
1658196209 11154 4 0x0F
1658196225 11154 4 0x0F
1658196242 11136 4 0x0F
1658196258 11136 4 0x0F
1658196275 11118 4 0x0F
1658196291 11136 4 0x0F
1658196308 11154 4 0x0F
1658196324 11154 4 0x0F
1658196341 11154 4 0x0F
1658196357 11118 4 0x0F
1658196374 11118 4 0x0F
1658196390 11118 4 0x0F
1658196407 11118 4 0x0F
1658196423 11136 4 0x0F
1658196440 11118 4 0x0F
1658196456 11118 4 0x0F
1658196473 11118 4 0x0F
1658196490 11118 4 0x0F
1658196506 11118 4 0x0F
1658196523 11118 4 0x0F
1658196539 11118 4 0x0F
1658196556 11118 4 0x0F
1658196572 11118 4 0x0F
1658196589 11118 4 0x0F
1658196605 11118 4 0x0F
1658196622 11094 4 0x0F
1658196638 11118 4 0x0F
1658196655 11118 4 0x0F
1658196671 11118 4 0x0F
1658196688 11118 4 0x0F
1658196704 11118 4 0x0F
1658196721 11118 4 0x0F
1658196737 11118 4 0x0F
1658196754 11118 4 0x0F
1658196770 11118 4 0x0F
1658196787 11118 4 0x0F
1658196803 11118 4 0x0F
1658196820 11118 4 0x0F
1658196837 11118 4 0x0F
1658196853 11118 4 0x0F
1658196870 11118 4 0x0F
1658196886 11118 4 0x0F
1658196903 11118 4 0x0F
1658196919 11118 4 0x0F
1658196936 11118 4 0x0F
1658196952 11118 4 0x0F
1658196969 11094 4 0x0F
1658196985 11094 4 0x0F
1658197002 11094 4 0x0F
1658197018 11118 4 0x0F
1658197035 11118 4 0x0F
1658197052 11094 4 0x0F
1658197068 11118 4 0x0F
1658197085 11094 4 0x0F
1658197101 11076 4 0x0F
1658197118 11094 4 0x0F
1658197134 11094 4 0x0F
1658197151 11094 4 0x0F
1658197167 11094 4 0x0F
1658197184 11094 4 0x0F
1658197200 11094 4 0x0F
1658197217 11094 4 0x0F
1658197233 11094 4 0x0F
1658197250 11076 4 0x0F
1658197266 11094 4 0x0F
1658197283 11076 4 0x0F
1658197300 11076 4 0x0F
1658197316 11094 4 0x0F
1658197333 11076 4 0x0F
1658197349 11076 4 0x0F
1658197366 11076 4 0x0F
1658197382 11076 4 0x0F
1658197399 11076 4 0x0F
1658197415 11076 4 0x0F
1658197432 11076 4 0x0F
1658197448 11058 4 0x0F
1658197465 11076 4 0x0F
1658197481 11076 4 0x0F
1658197498 11076 4 0x0F
1658197514 11076 4 0x0F
1658197531 11076 4 0x0F
1658197547 11076 4 0x0F
1658197564 11076 4 0x0F
1658197581 11076 4 0x0F
1658197597 11076 4 0x0F
1658197614 11076 4 0x0F
1658197630 11076 4 0x0F
1658197647 11058 4 0x0F
1658197663 11040 4 0x0F
1658197680 11058 4 0x0F
1658197696 11040 4 0x0F
1658197713 11058 4 0x0F
1658197729 11058 4 0x0F
1658197746 11058 4 0x0F
1658197762 11058 4 0x0F
1658197779 11058 4 0x0F
1658197795 11040 4 0x0F
1658197812 11058 4 0x0F
1658197828 11058 4 0x0F
1658197845 11058 4 0x0F
1658197862 11058 4 0x0F
1658197878 11058 4 0x0F
1658197895 11058 4 0x0F
1658197911 11058 4 0x0F
1658197928 11058 4 0x0F
1658197944 11040 4 0x0F
1658197961 11040 4 0x0F
1658197977 11040 4 0x0F
1658197994 11040 4 0x0F
1658198010 11040 4 0x0F
1658198027 11040 4 0x0F
1658198043 11040 4 0x0F
1658198060 11040 4 0x0F
1658198076 11040 4 0x0F
1658198093 11040 4 0x0F
1658198110 11040 4 0x0F
1658198126 11016 4 0x0F
1658198143 11040 4 0x0F
1658198159 11040 4 0x0F
1658198176 11040 4 0x0F
1658198192 11016 4 0x0F
1658198209 11040 4 0x0F
1658198225 11040 4 0x0F
1658198242 11040 4 0x0F
1658198258 11040 4 0x0F
1658198275 11040 4 0x0F
1658198291 11040 4 0x0F
1658198308 11040 4 0x0F
1658198324 11040 4 0x0F
1658198341 11040 4 0x0F
1658198358 11040 4 0x0F
1658198374 11040 4 0x0F
1658198391 11016 4 0x0F
1658198407 11040 4 0x0F
1658198424 11016 4 0x0F
1658198440 11016 4 0x0F
1658198457 11016 4 0x0F
1658198473 11040 4 0x0F
1658198490 11040 4 0x0F
1658198506 10998 4 0x0F
1658198523 11016 4 0x0F
1658198539 11016 4 0x0F
1658198556 11016 4 0x0F
1658198572 11016 4 0x0F
1658198589 11016 4 0x0F
1658198606 11016 4 0x0F
1658198622 11016 4 0x0F
1658198639 11016 4 0x0F
1658198655 11016 4 0x0F
1658198672 11016 4 0x0F
1658198688 10998 4 0x0F
1658198705 11016 4 0x0F
1658198721 11016 4 0x0F
1658198738 11016 4 0x0F
1658198754 10998 4 0x0F
1658198771 11016 4 0x0F
1658198787 10998 4 0x0F
1658198804 11016 4 0x0F
1658198821 10998 4 0x0F
1658198837 10980 4 0x0F
1658198854 10998 4 0x0F
1658198870 10998 4 0x0F
1658198887 10998 4 0x0F
1658198903 10998 4 0x0F
1658198920 10998 4 0x0F
1658198936 10998 4 0x0F
1658198953 10998 4 0x0F
1658198969 10998 4 0x0F
1658198986 10998 4 0x0F
1658199002 10998 4 0x0F
1658199019 10998 4 0x0F
1658199035 10998 4 0x0F
1658199052 10998 4 0x0F
1658199069 10980 4 0x0F
1658199085 10980 4 0x0F
1658199102 10998 4 0x0F
1658199118 10998 4 0x0F
1658199135 10980 4 0x0F
1658199151 10998 4 0x0F
1658199168 10998 4 0x0F
1658199184 10980 4 0x0F
1658199201 10980 4 0x0F
1658199217 10998 4 0x0F
1658199234 10980 4 0x0F
1658199251 10980 4 0x0F
1658199267 10980 4 0x0F
1658199284 10980 4 0x0F
1658199300 10980 4 0x0F
1658199317 10980 4 0x0F
1658199333 10980 4 0x0F
1658199350 10980 4 0x0F
1658199366 10980 4 0x0F
1658199383 10980 4 0x0F
1658199399 10962 3 0x0E
1658199416 10980 4 0x0F
1658199432 10980 4 0x0F
1658199449 10962 3 0x0E
1658199465 10962 3 0x0E
1658199482 10962 3 0x0E
1658199499 10962 3 0x0E
1658199515 10962 3 0x0E
1658199532 10962 3 0x0E
1658199548 10962 3 0x0E
1658199565 10962 3 0x0E
1658199581 10962 3 0x0E
1658199598 10962 3 0x0E
1658199614 10962 3 0x0E
1658199631 10962 3 0x0E
1658199647 10962 3 0x0E
1658199664 10962 3 0x0E
1658199680 10962 3 0x0E
1658199697 10962 3 0x0E
1658199713 10962 3 0x0E
1658199730 10962 3 0x0E
1658199747 10962 3 0x0E
1658199763 10962 3 0x0E
1658199780 10962 3 0x0E
1658199796 10962 3 0x0E
1658199813 10944 3 0x0E
1658199829 10962 3 0x0E
1658199846 10962 3 0x0E
1658199862 10944 3 0x0E
1658199879 10944 3 0x0E
1658199895 10944 3 0x0E
1658199912 10962 3 0x0E
1658199928 10962 3 0x0E
1658199945 10944 3 0x0E
1658199962 10962 3 0x0E
1658199978 10962 3 0x0E
1658199995 10962 3 0x0E
1658200011 10920 3 0x0E
1658200028 10944 3 0x0E
1658200044 10944 3 0x0E
1658200061 10944 3 0x0E
1658200077 10920 3 0x0E
1658200094 10944 3 0x0E
1658200110 10944 3 0x0E
1658200127 10962 3 0x0E
1658200143 10944 3 0x0E
1658200160 10944 3 0x0E
1658200177 10944 3 0x0E
1658200193 10944 3 0x0E
1658200210 10944 3 0x0E
1658200226 10920 3 0x0E
1658200243 10944 3 0x0E
1658200259 10944 3 0x0E
1658200276 10944 3 0x0E
1658200292 10944 3 0x0E
1658200309 10920 3 0x0E
1658200325 10920 3 0x0E
1658200342 10920 3 0x0E
1658200359 10944 3 0x0E
1658200375 10944 3 0x0E
1658200392 10902 3 0x0E
1658200408 10920 3 0x0E
1658200425 10920 3 0x0E
1658200441 10920 3 0x0E
1658200458 10920 3 0x0E
1658200474 10920 3 0x0E
1658200491 10920 3 0x0E
1658200507 10920 3 0x0E
1658200524 10920 3 0x0E
1658200540 10920 3 0x0E
1658200557 10920 3 0x0E
1658200574 10920 3 0x0E
1658200590 10920 3 0x0E
1658200607 10920 3 0x0E
1658200623 10920 3 0x0E
1658200640 10920 3 0x0E
1658200656 10920 3 0x0E
1658200673 10902 3 0x0E
1658200689 10920 3 0x0E
1658200706 10920 3 0x0E
1658200722 10920 3 0x0E
1658200739 10920 3 0x0E
1658200755 10920 3 0x0E
1658200772 10920 3 0x0E
1658200789 10920 3 0x0E
1658200805 10902 3 0x0E
1658200822 10902 3 0x0E
1658200838 10920 3 0x0E
1658200855 10902 3 0x0E
1658200871 10902 3 0x0E
1658200888 10902 3 0x0E
1658200904 10902 3 0x0E
1658200921 10902 3 0x0E
1658200937 10884 3 0x0E
1658200954 10920 3 0x0E
1658200970 10902 3 0x0E
1658200987 10902 3 0x0E
1658201003 10902 3 0x0E
1658201020 10902 3 0x0E
1658201037 10902 3 0x0E
1658201053 10902 3 0x0E
1658201070 10902 3 0x0E
1658201086 10902 3 0x0E
1658201103 10902 3 0x0E
1658201119 10884 3 0x0E
1658201136 10902 3 0x0E
1658201152 10884 3 0x0E
1658201169 10902 3 0x0E
1658201185 10902 3 0x0E
1658201202 10884 3 0x0E
1658201219 10884 3 0x0E
1658201235 10902 3 0x0E
1658201252 10884 3 0x0E
1658201268 10884 3 0x0E
1658201285 10884 3 0x0E
1658201301 10884 3 0x0E
1658201318 10884 3 0x0E
1658201334 10884 3 0x0E
1658201351 10884 3 0x0E
1658201367 10884 3 0x0E
1658201384 10884 3 0x0E
1658201401 10884 3 0x0E
1658201417 10884 3 0x0E
1658201434 10884 3 0x0E
1658201450 10884 3 0x0E
1658201467 10884 3 0x0E
1658201483 10884 3 0x0E
1658201500 10884 3 0x0E
1658201516 10884 3 0x0E
1658201533 10884 3 0x0E
1658201549 10884 3 0x0E
1658201566 10884 3 0x0E
1658201583 10884 3 0x0E
1658201599 10884 3 0x0E
1658201616 10884 3 0x0E
1658201632 10884 3 0x0E
1658201649 10884 3 0x0E
1658201665 10884 3 0x0E
1658201682 10884 3 0x0E
1658201698 10884 3 0x0E
1658201715 10884 3 0x0E
1658201731 10884 3 0x0E
1658201748 10884 3 0x0E
1658201765 10884 3 0x0E
1658201781 10884 3 0x0E
1658201798 10884 3 0x0E
1658201814 10884 3 0x0E
1658201831 10884 3 0x0E
1658201847 10866 3 0x0E
1658201864 10884 3 0x0E
1658201880 10884 3 0x0E
1658201897 10866 3 0x0E
1658201913 10866 3 0x0E
1658201930 10866 3 0x0E
1658201946 10842 3 0x0E
1658201963 10866 3 0x0E
1658201980 10866 3 0x0E
1658201996 10866 3 0x0E
1658202013 10884 3 0x0E
1658202029 10866 3 0x0E
1658202046 10866 3 0x0E
1658202062 10866 3 0x0E
1658202079 10866 3 0x0E
1658202095 10866 3 0x0E
1658202112 10866 3 0x0E
1658202128 10842 3 0x0E
1658202145 10866 3 0x0E
1658202161 10842 3 0x0E
1658202178 10866 3 0x0E
1658202194 10842 3 0x0E
1658202211 10866 3 0x0E
1658202228 10842 3 0x0E
1658202244 10842 3 0x0E
1658202261 10866 3 0x0E
1658202277 10842 3 0x0E
1658202294 10842 3 0x0E
1658202310 10842 3 0x0E
1658202327 10842 3 0x0E
1658202343 10842 3 0x0E
1658202360 10842 3 0x0E
1658202376 10842 3 0x0E
1658202393 10842 3 0x0E
1658202409 10842 3 0x0E
1658202426 10842 3 0x0E
1658202443 10842 3 0x0E
1658202459 10842 3 0x0E
1658202476 10842 3 0x0E
1658202492 10842 3 0x0E
1658202509 10842 3 0x0E
1658202525 10842 3 0x0E
1658202542 10842 3 0x0E
1658202558 10842 3 0x0E
1658202575 10842 3 0x0E
1658202591 10842 3 0x0E
1658202608 10842 3 0x0E
1658202624 10806 3 0x0E
1658202641 10842 3 0x0E
1658202658 10842 3 0x0E
1658202674 10842 3 0x0E
1658202691 10842 3 0x0E
1658202707 10842 3 0x0E
1658202724 10842 3 0x0E
1658202740 10824 3 0x0E
1658202757 10842 3 0x0E
1658202773 10824 3 0x0E
1658202790 10824 3 0x0E
1658202806 10842 3 0x0E
1658202823 10842 3 0x0E
1658202839 10824 3 0x0E
1658202856 10842 3 0x0E
1658202873 10842 3 0x0E
1658202889 10824 3 0x0E
1658202906 10824 3 0x0E
1658202922 10842 3 0x0E
1658202939 10824 3 0x0E
1658202955 10824 3 0x0E
1658202972 10824 3 0x0E
1658202988 10806 3 0x0E
1658203005 10824 3 0x0E
1658203021 10824 3 0x0E
1658203038 10824 3 0x0E
1658203054 10806 3 0x0E
1658203071 10806 3 0x0E
1658203088 10824 3 0x0E
1658203104 10824 3 0x0E
1658203121 10824 3 0x0E
1658203137 10806 3 0x0E
1658203154 10806 3 0x0E
1658203170 10824 3 0x0E
1658203187 10806 3 0x0E
1658203203 10806 3 0x0E
1658203220 10806 3 0x0E
1658203236 10806 3 0x0E
1658203253 10806 3 0x0E
1658203269 10806 3 0x0E
1658203286 10824 3 0x0E
1658203303 10806 3 0x0E
1658203319 10806 3 0x0E
1658203336 10806 3 0x0E
1658203352 10806 3 0x0E
1658203369 10806 3 0x0E
1658203385 10806 3 0x0E
1658203402 10806 3 0x0E
1658203418 10806 3 0x0E
1658203435 10806 3 0x0E
1658203451 10806 3 0x0E
1658203468 10806 3 0x0E
1658203485 10788 3 0x0E
1658203501 10806 3 0x0E
1658203518 10806 3 0x0E
1658203534 10806 3 0x0E
1658203551 10806 3 0x0E
1658203567 10806 3 0x0E
1658203584 10806 3 0x0E
1658203600 10806 3 0x0E
1658203617 10806 3 0x0E
1658203633 10806 3 0x0E
1658203650 10806 3 0x0E
1658203666 10806 3 0x0E
1658203683 10806 3 0x0E
1658203700 10788 3 0x0E
1658203716 10806 3 0x0E
1658203733 10806 3 0x0E
1658203749 10806 3 0x0E
1658203766 10806 3 0x0E
1658203782 10806 3 0x0E
1658203799 10806 3 0x0E
1658203815 10788 3 0x0E
1658203832 10806 3 0x0E
1658203848 10806 3 0x0E
1658203865 10806 3 0x0E
1658203881 10806 3 0x0E
1658203898 10806 3 0x0E
1658203914 10806 3 0x0E
1658203931 10788 3 0x0E
1658203947 10806 3 0x0E
1658203964 10806 3 0x0E
1658203981 10806 3 0x0E
1658203997 10788 3 0x0E
1658204014 10788 3 0x0E
1658204030 10788 3 0x0E
1658204047 10806 3 0x0E
1658204063 10788 3 0x0E
1658204080 10770 3 0x0E
1658204096 10788 3 0x0E
1658204113 10788 3 0x0E
1658204129 10806 3 0x0E
1658204146 10788 3 0x0E
1658204163 10806 3 0x0E
1658204179 10788 3 0x0E
1658204196 10788 3 0x0E
1658204212 10788 3 0x0E
1658204229 10788 3 0x0E
1658204245 10788 3 0x0E
1658204262 10788 3 0x0E
1658204278 10788 3 0x0E
1658204295 10788 3 0x0E
1658204311 10788 3 0x0E
1658204328 10788 3 0x0E
1658204345 10788 3 0x0E
1658204361 10770 3 0x0E
1658204378 10788 3 0x0E
1658204394 10788 3 0x0E
1658204411 10770 3 0x0E
1658204427 10770 3 0x0E
1658204444 10770 3 0x0E
1658204460 10788 3 0x0E
1658204477 10770 3 0x0E
1658204493 10770 3 0x0E
1658204510 10770 3 0x0E
1658204526 10770 3 0x0E
1658204543 10770 3 0x0E
1658204560 10770 3 0x0E
1658204576 10770 3 0x0E
1658204593 10770 3 0x0E
1658204609 10770 3 0x0E
1658204626 10770 3 0x0E
1658204642 10770 3 0x0E
1658204659 10770 3 0x0E
1658204675 10770 3 0x0E
1658204692 10770 3 0x0E
1658204708 10746 3 0x0E
1658204725 10770 3 0x0E
1658204741 10770 3 0x0E
1658204758 10770 3 0x0E
1658204775 10746 3 0x0E
1658204791 10770 3 0x0E
1658204808 10770 3 0x0E
1658204824 10770 3 0x0E
1658204841 10770 3 0x0E
1658204857 10770 3 0x0E
1658204874 10770 3 0x0E
1658204890 10770 3 0x0E
1658204907 10770 3 0x0E
1658204923 10746 3 0x0E
1658204940 10746 3 0x0E
1658204956 10770 3 0x0E
1658204973 10746 3 0x0E
1658204990 10770 3 0x0E
1658205006 10770 3 0x0E
1658205023 10746 3 0x0E
1658205039 10746 3 0x0E
1658205056 10746 3 0x0E
1658205072 10728 3 0x0E
1658205089 10770 3 0x0E
1658205105 10746 3 0x0E
1658205122 10770 3 0x0E
1658205138 10770 3 0x0E
1658205155 10746 3 0x0E
1658205172 10746 3 0x0E
1658205188 10746 3 0x0E
1658205205 10746 3 0x0E
1658205221 10770 3 0x0E
1658205238 10746 3 0x0E
1658205254 10746 3 0x0E
1658205271 10746 3 0x0E
1658205287 10770 3 0x0E
1658205304 10746 3 0x0E
1658205320 10746 3 0x0E
1658205337 10728 3 0x0E
1658205354 10746 3 0x0E
1658205370 10746 3 0x0E
1658205387 10746 3 0x0E
1658205403 10746 3 0x0E
1658205420 10746 3 0x0E
1658205436 10728 3 0x0E
1658205453 10728 3 0x0E
1658205469 10746 3 0x0E
1658205486 10746 3 0x0E
1658205502 10746 3 0x0E
1658205519 10728 3 0x0E
1658205536 10728 3 0x0E
1658205552 10728 3 0x0E
1658205569 10746 3 0x0E
1658205585 10728 3 0x0E
1658205602 10728 3 0x0E
1658205618 10728 3 0x0E
1658205635 10728 3 0x0E
1658205651 10728 3 0x0E
1658205668 10728 3 0x0E
1658205684 10728 3 0x0E
1658205701 10728 3 0x0E
1658205718 10728 3 0x0E
1658205734 10728 3 0x0E
1658205751 10728 3 0x0E
1658205767 10728 3 0x0E
1658205784 10728 3 0x0E
1658205800 10710 3 0x0E
1658205817 10728 3 0x0E
1658205833 10728 3 0x0E
1658205850 10728 3 0x0E
1658205866 10728 3 0x0E
1658205883 10728 3 0x0E
1658205899 10728 3 0x0E
1658205916 10710 3 0x0E
1658205933 10728 3 0x0E
1658205949 10728 3 0x0E
1658205966 10728 3 0x0E
1658205982 10728 3 0x0E
1658205999 10728 3 0x0E
1658206015 10728 3 0x0E
1658206032 10728 3 0x0E
1658206048 10710 3 0x0E
1658206065 10728 3 0x0E
1658206081 10728 3 0x0E
1658206098 10728 3 0x0E
1658206115 10710 3 0x0E
1658206131 10710 3 0x0E
1658206148 10710 3 0x0E
1658206164 10728 3 0x0E
1658206181 10728 3 0x0E
1658206197 10710 3 0x0E
1658206214 10728 3 0x0E
1658206230 10710 3 0x0E
1658206247 10710 3 0x0E
1658206263 10728 3 0x0E
1658206280 10710 3 0x0E
1658206296 10710 3 0x0E
1658206313 10710 3 0x0E
1658206330 10692 3 0x0E
1658206346 10728 3 0x0E
1658206363 10710 3 0x0E
1658206379 10710 3 0x0E
1658206396 10692 3 0x0E
1658206412 10692 3 0x0E
1658206429 10710 3 0x0E
1658206445 10710 3 0x0E
1658206462 10710 3 0x0E
1658206478 10710 3 0x0E
1658206495 10710 3 0x0E
1658206511 10710 3 0x0E
1658206528 10692 3 0x0E
1658206545 10692 3 0x0E
1658206561 10710 3 0x0E
1658206578 10692 3 0x0E
1658206594 10692 3 0x0E
1658206611 10710 3 0x0E
1658206627 10710 3 0x0E
1658206644 10692 3 0x0E
1658206660 10710 3 0x0E
1658206677 10710 3 0x0E
1658206693 10692 3 0x0E
1658206710 10710 3 0x0E
1658206727 10710 3 0x0E
1658206743 10692 3 0x0E
1658206760 10692 3 0x0E
1658206776 10692 3 0x0E
1658206793 10692 3 0x0E
1658206809 10692 3 0x0E
1658206826 10692 3 0x0E
1658206842 10692 3 0x0E
1658206859 10692 3 0x0E
1658206875 10692 3 0x0E
1658206892 10692 3 0x0E
1658206908 10692 3 0x0E
1658206925 10692 3 0x0E
1658206942 10692 3 0x0E
1658206958 10692 3 0x0E
1658206975 10692 3 0x0E
1658206991 10692 3 0x0E
1658207008 10692 3 0x0E
1658207024 10692 3 0x0E
1658207041 10692 3 0x0E
1658207057 10692 3 0x0E
1658207074 10692 3 0x0E
1658207090 10692 3 0x0E
1658207107 10692 3 0x0E
1658207123 10668 3 0x0E
1658207140 10650 3 0x0E
1658207156 10692 3 0x0E
1658207173 10668 3 0x0E
1658207190 10692 3 0x0E
1658207206 10668 3 0x0E
1658207223 10668 3 0x0E
1658207239 10692 3 0x0E
1658207256 10692 3 0x0E
1658207272 10692 3 0x0E
1658207289 10692 3 0x0E
1658207305 10692 3 0x0E
1658207322 10668 3 0x0E
1658207338 10668 3 0x0E
1658207355 10668 3 0x0E
1658207371 10668 3 0x0E
1658207388 10668 3 0x0E
1658207404 10668 3 0x0E
1658207421 10668 3 0x0E
1658207437 10668 3 0x0E
1658207454 10668 3 0x0E
1658207471 10668 3 0x0E
1658207487 10650 3 0x0E
1658207504 10668 3 0x0E
1658207520 10668 3 0x0E
1658207537 10668 3 0x0E
1658207553 10668 3 0x0E
1658207570 10668 3 0x0E
1658207586 10668 3 0x0E
1658207603 10668 3 0x0E
1658207619 10650 3 0x0E
1658207636 10650 3 0x0E
1658207653 10650 3 0x0E
1658207669 10650 3 0x0E
1658207686 10650 3 0x0E
1658207702 10650 3 0x0E
1658207719 10650 3 0x0E
1658207735 10650 3 0x0E
1658207752 10650 3 0x0E
1658207768 10650 3 0x0E
1658207785 10650 3 0x0E
1658207802 10650 3 0x0E
1658207818 10650 3 0x0E
1658207835 10650 3 0x0E
1658207851 10650 3 0x0E
1658207868 10650 3 0x0E
1658207884 10650 3 0x0E
1658207901 10650 3 0x0E
1658207917 10650 3 0x0E
1658207934 10650 3 0x0E
1658207950 10650 3 0x0E
1658207967 10650 3 0x0E
1658207983 10650 3 0x0E
1658208000 10650 3 0x0E
1658208016 10650 3 0x0E
1658208033 10650 3 0x0E
1658208050 10650 3 0x0E
1658208066 10650 3 0x0E
1658208083 10650 3 0x0E
1658208099 10650 3 0x0E
1658208116 10632 3 0x0E
1658208132 10650 3 0x0E
1658208149 10650 3 0x0E
1658208165 10650 3 0x0E
1658208182 10650 3 0x0E
1658208199 10614 2 0x0C
1658208215 10632 3 0x0E
1658208232 10632 3 0x0E
1658208248 10650 3 0x0E
1658208265 10632 3 0x0E
1658208281 10632 3 0x0E
1658208298 10632 3 0x0E
1658208314 10632 3 0x0E
1658208331 10632 3 0x0E
1658208347 10632 3 0x0E
1658208364 10632 3 0x0E
1658208380 10632 3 0x0E
1658208397 10614 2 0x0C
1658208414 10632 3 0x0E
1658208430 10614 2 0x0C
1658208447 10632 3 0x0E
1658208463 10632 3 0x0E
1658208480 10614 2 0x0C
1658208496 10632 3 0x0E
1658208513 10632 3 0x0E
1658208529 10614 2 0x0C
1658208546 10614 2 0x0C
1658208562 10614 2 0x0C
1658208579 10632 3 0x0E
1658208595 10614 2 0x0C
1658208612 10614 2 0x0C
1658208628 10614 2 0x0C
1658208645 10614 2 0x0C
1658208662 10614 2 0x0C
1658208678 10614 2 0x0C
1658208695 10614 2 0x0C
1658208711 10614 2 0x0C
1658208728 10614 2 0x0C
1658208744 10614 2 0x0C
1658208761 10614 2 0x0C
1658208777 10614 2 0x0C
1658208794 10614 2 0x0C
1658208810 10614 2 0x0C
1658208827 10614 2 0x0C
1658208843 10614 2 0x0C
1658208860 10614 2 0x0C
1658208877 10614 2 0x0C
1658208893 10614 2 0x0C
1658208910 10614 2 0x0C
1658208926 10614 2 0x0C
1658208943 10614 2 0x0C
1658208959 10614 2 0x0C
1658208976 10596 2 0x0C
1658208992 10614 2 0x0C
1658209009 10596 2 0x0C
1658209025 10614 2 0x0C
1658209042 10596 2 0x0C
1658209058 10596 2 0x0C
1658209075 10596 2 0x0C
1658209091 10596 2 0x0C
1658209108 10596 2 0x0C
1658209125 10596 2 0x0C
1658209141 10596 2 0x0C
1658209158 10596 2 0x0C
1658209174 10596 2 0x0C
1658209191 10596 2 0x0C
1658209207 10572 2 0x0C
1658209224 10596 2 0x0C
1658209240 10572 2 0x0C
1658209257 10572 2 0x0C
1658209273 10596 2 0x0C
1658209290 10572 2 0x0C
1658209307 10596 2 0x0C
1658209323 10572 2 0x0C
1658209340 10572 2 0x0C
1658209356 10572 2 0x0C
1658209373 10572 2 0x0C
1658209389 10572 2 0x0C
1658209406 10572 2 0x0C
1658209422 10572 2 0x0C
1658209439 10572 2 0x0C
1658209455 10572 2 0x0C
1658209472 10572 2 0x0C
1658209489 10572 2 0x0C
1658209505 10572 2 0x0C
1658209522 10572 2 0x0C
1658209538 10572 2 0x0C
1658209555 10572 2 0x0C
1658209571 10572 2 0x0C
1658209588 10572 2 0x0C
1658209604 10572 2 0x0C
1658209621 10554 2 0x0C
1658209637 10554 2 0x0C
1658209654 10572 2 0x0C
1658209671 10554 2 0x0C
1658209687 10554 2 0x0C
1658209704 10554 2 0x0C
1658209720 10554 2 0x0C
1658209737 10554 2 0x0C
1658209753 10554 2 0x0C
1658209770 10536 2 0x0C
1658209786 10554 2 0x0C
1658209803 10554 2 0x0C
1658209819 10554 2 0x0C
1658209836 10554 2 0x0C
1658209853 10554 2 0x0C
1658209869 10554 2 0x0C
1658209886 10554 2 0x0C
1658209902 10554 2 0x0C
1658209919 10554 2 0x0C
1658209935 10554 2 0x0C
1658209952 10554 2 0x0C
1658209968 10554 2 0x0C
1658209985 10536 2 0x0C
1658210001 10536 2 0x0C
1658210018 10536 2 0x0C
1658210035 10536 2 0x0C
1658210051 10536 2 0x0C
1658210068 10536 2 0x0C
1658210084 10536 2 0x0C
1658210101 10536 2 0x0C
1658210117 10536 2 0x0C
1658210134 10536 2 0x0C
1658210150 10536 2 0x0C
1658210167 10536 2 0x0C
1658210183 10536 2 0x0C
1658210200 10536 2 0x0C
1658210217 10536 2 0x0C
1658210233 10494 2 0x0C
1658210250 10536 2 0x0C
1658210266 10536 2 0x0C
1658210283 10536 2 0x0C
1658210299 10536 2 0x0C
1658210316 10494 2 0x0C
1658210332 10518 2 0x0C
1658210349 10536 2 0x0C
1658210366 10536 2 0x0C
1658210382 10536 2 0x0C
1658210399 10494 2 0x0C
1658210415 10518 2 0x0C
1658210432 10518 2 0x0C
1658210448 10518 2 0x0C
1658210465 10518 2 0x0C
1658210481 10536 2 0x0C
1658210498 10518 2 0x0C
1658210514 10518 2 0x0C
1658210531 10518 2 0x0C
1658210547 10494 2 0x0C
1658210564 10518 2 0x0C
1658210581 10494 2 0x0C
1658210597 10494 2 0x0C
1658210614 10494 2 0x0C
1658210630 10494 2 0x0C
1658210647 10494 2 0x0C
1658210663 10494 2 0x0C
1658210680 10494 2 0x0C
1658210696 10494 2 0x0C
1658210713 10494 2 0x0C
1658210729 10494 2 0x0C
1658210746 10494 2 0x0C
1658210763 10494 2 0x0C
1658210779 10494 2 0x0C
1658210796 10494 2 0x0C
1658210812 10494 2 0x0C
1658210829 10476 2 0x0C
1658210845 10494 2 0x0C
1658210862 10494 2 0x0C
1658210878 10494 2 0x0C
1658210895 10494 2 0x0C
1658210911 10494 2 0x0C
1658210928 10494 2 0x0C
1658210945 10494 2 0x0C
1658210961 10494 2 0x0C
1658210978 10494 2 0x0C
1658210994 10494 2 0x0C
1658211011 10494 2 0x0C
1658211027 10476 2 0x0C
1658211044 10476 2 0x0C
1658211060 10476 2 0x0C
1658211077 10476 2 0x0C
1658211093 10458 2 0x0C
1658211110 10494 2 0x0C
1658211126 10476 2 0x0C
1658211143 10476 2 0x0C
1658211159 10494 2 0x0C
1658211176 10458 2 0x0C
1658211193 10476 2 0x0C
1658211209 10476 2 0x0C
1658211226 10476 2 0x0C
1658211242 10476 2 0x0C
1658211259 10476 2 0x0C
1658211275 10458 2 0x0C
1658211292 10458 2 0x0C
1658211308 10458 2 0x0C
1658211325 10476 2 0x0C
1658211341 10440 1 0x08
1658211358 10458 2 0x0C
1658211374 10458 2 0x0C
1658211391 10458 2 0x0C
1658211408 10458 2 0x0C
1658211424 10458 2 0x0C
1658211441 10458 2 0x0C
1658211457 10458 2 0x0C
1658211474 10458 2 0x0C
1658211490 10458 2 0x0C
1658211507 10458 2 0x0C
1658211523 10458 2 0x0C
1658211540 10458 2 0x0C
1658211556 10458 2 0x0C
1658211573 10458 2 0x0C
1658211589 10458 2 0x0C
1658211606 10458 2 0x0C
1658211623 10458 2 0x0C
1658211639 10440 1 0x08
1658211656 10440 1 0x08
1658211672 10422 1 0x08
1658211689 10440 1 0x08
1658211705 10440 1 0x08
1658211722 10422 1 0x08
1658211738 10440 1 0x08
1658211755 10440 1 0x08
1658211771 10422 1 0x08
1658211788 10440 1 0x08
1658211805 10422 1 0x08
1658211821 10422 1 0x08
1658211838 10440 1 0x08
1658211854 10422 1 0x08
1658211871 10422 1 0x08
1658211887 10422 1 0x08
1658211904 10422 1 0x08
1658211920 10422 1 0x08
1658211937 10422 1 0x08
1658211953 10422 1 0x08
1658211970 10422 1 0x08
1658211986 10422 1 0x08
1658212003 10422 1 0x08
1658212020 10422 1 0x08
1658212036 10422 1 0x08
1658212053 10422 1 0x08
1658212069 10422 1 0x08
1658212086 10422 1 0x08
1658212102 10422 1 0x08
1658212119 10380 1 0x08
1658212135 10398 1 0x08
1658212152 10398 1 0x08
1658212168 10398 1 0x08
1658212185 10398 1 0x08
1658212202 10398 1 0x08
1658212218 10398 1 0x08
1658212235 10398 1 0x08
1658212251 10380 1 0x08
1658212268 10398 1 0x08
1658212284 10398 1 0x08
1658212301 10380 1 0x08
1658212317 10398 1 0x08
1658212334 10398 1 0x08
1658212350 10398 1 0x08
1658212367 10380 1 0x08
1658212383 10380 1 0x08
1658212400 10380 1 0x08
1658212416 10380 1 0x08
1658212433 10380 1 0x08
1658212449 10380 1 0x08
1658212466 10380 1 0x08
1658212483 10380 1 0x08
1658212499 10380 1 0x08
1658212516 10380 1 0x08
1658212532 10380 1 0x08
1658212549 10380 1 0x08
1658212565 10380 1 0x08
1658212582 10380 1 0x08
1658212598 10362 1 0x08
1658212615 10362 1 0x08
1658212631 10380 1 0x08
1658212648 10380 1 0x08
1658212664 10362 1 0x08
1658212681 10362 1 0x08
1658212697 10362 1 0x08
1658212714 10362 1 0x08
1658212730 10362 1 0x08
1658212747 10362 1 0x08
1658212764 10362 1 0x08
1658212780 10362 1 0x08
1658212797 10344 1 0x08
1658212813 10344 1 0x08
1658212830 10362 1 0x08
1658212846 10344 1 0x08
1658212863 10344 1 0x08
1658212879 10344 1 0x08
1658212896 10344 1 0x08
1658212912 10344 1 0x08
1658212929 10344 1 0x08
1658212945 10344 1 0x08
1658212962 10344 1 0x08
1658212979 10344 1 0x08
1658212995 10344 1 0x08
1658213012 10344 1 0x08
1658213028 10344 1 0x08
1658213045 10344 1 0x08
1658213061 10344 1 0x08
1658213078 10344 1 0x08
1658213094 10344 1 0x08
1658213111 10320 1 0x08
1658213127 10320 1 0x08
1658213144 10320 1 0x08
1658213160 10320 1 0x08
1658213177 10320 1 0x08
1658213194 10320 1 0x08
1658213210 10320 1 0x08
1658213227 10302 1 0x08
1658213243 10320 1 0x08
1658213260 10320 1 0x08
1658213276 10302 1 0x08
1658213293 10320 1 0x08
1658213309 10302 1 0x08
1658213326 10302 1 0x08
1658213342 10302 1 0x08
1658213359 10302 1 0x08
1658213375 10302 1 0x08
1658213392 10302 1 0x08
1658213409 10302 1 0x08
1658213425 10302 1 0x08
1658213442 10302 1 0x08
1658213458 10302 1 0x08
1658213475 10302 1 0x08
1658213491 10302 1 0x08
1658213508 10302 1 0x08
1658213524 10284 1 0x08
1658213541 10302 1 0x08
1658213557 10302 1 0x08
1658213574 10302 1 0x08
1658213591 10302 1 0x08
1658213607 10284 1 0x08
1658213624 10284 1 0x08
1658213640 10284 1 0x08
1658213657 10284 1 0x08
1658213673 10284 1 0x08
1658213690 10284 1 0x08
1658213706 10266 1 0x08
1658213723 10266 1 0x08
1658213739 10266 1 0x08
1658213756 10266 1 0x08
1658213772 10266 1 0x08
1658213789 10284 1 0x08
1658213806 10266 1 0x08
1658213822 10266 1 0x08
1658213839 10266 1 0x08
1658213855 10266 1 0x08
1658213872 10266 1 0x08
1658213888 10266 1 0x08
1658213905 10266 1 0x08
1658213921 10266 1 0x08
1658213938 10266 1 0x08
1658213954 10266 1 0x08
1658213971 10266 1 0x08
1658213987 10266 1 0x08
1658214004 10266 1 0x08
1658214021 10266 1 0x08
1658214037 10266 1 0x08
1658214054 10266 1 0x08
1658214070 10266 1 0x08
1658214087 10248 1 0x08
1658214103 10266 1 0x08
1658214120 10266 1 0x08
1658214136 10248 1 0x08
1658214153 10266 1 0x08
1658214169 10248 1 0x08
1658214186 10248 1 0x08
1658214202 10248 1 0x08
1658214219 10248 1 0x08
1658214236 10266 1 0x08
1658214252 10248 1 0x08
1658214269 10248 1 0x08
1658214285 10248 1 0x08
1658214302 10248 1 0x08
1658214318 10248 1 0x08
1658214335 10248 1 0x08
1658214351 10248 1 0x08
1658214368 10248 1 0x08
1658214384 10248 1 0x08
1658214401 10248 1 0x08
1658214418 10248 1 0x08
1658214434 10248 1 0x08
1658214451 10248 1 0x08
1658214467 10248 1 0x08
1658214484 10248 1 0x08
1658214500 10224 1 0x08
1658214517 10224 1 0x08
1658214533 10224 1 0x08
1658214550 10224 1 0x08
1658214567 10224 1 0x08
1658214583 10224 1 0x08
1658214600 10224 1 0x08
1658214616 10224 1 0x08
1658214633 10224 1 0x08
1658214649 10224 1 0x08
1658214666 10224 1 0x08
1658214682 10224 1 0x08
1658214699 10224 1 0x08
1658214715 10224 1 0x08
1658214732 10224 1 0x08
1658214749 10224 1 0x08
1658214765 10224 1 0x08
1658214782 10224 1 0x08
1658214798 10224 1 0x08
1658214815 10224 1 0x08
1658214831 10224 1 0x08
1658214848 10224 1 0x08
1658214864 10224 1 0x08
1658214881 10224 1 0x08
1658214897 10224 1 0x08
1658214914 10206 1 0x08
1658214930 10224 1 0x08
1658214947 10224 1 0x08
1658214964 10206 1 0x08
1658214980 10206 1 0x08
1658214997 10224 1 0x08
1658215013 10224 1 0x08
1658215030 10206 1 0x08
1658215046 10224 1 0x08
1658215063 10206 1 0x08
1658215079 10206 1 0x08
1658215096 10206 1 0x08
1658215112 10206 1 0x08
1658215129 10206 1 0x08
1658215145 10188 0 0x86
1658215162 10206 1 0x08
1658215179 10188 0 0x86
1658215195 10188 0 0x86
1658215212 10188 0 0x86
1658215228 10206 1 0x08
1658215245 10188 0 0x86
1658215261 10188 0 0x86
1658215278 10188 0 0x86
1658215294 10188 0 0x86
1658215311 10188 0 0x86
1658215327 10188 0 0x86
1658215344 10188 0 0x86
1658215360 10188 0 0x86
1658215377 10188 0 0x86
1658215394 10188 0 0x86
1658215410 10188 0 0x86
1658215427 10188 0 0x86
1658215443 10188 0 0x86
1658215460 10188 0 0x86
1658215476 10188 0 0x86
1658215493 10188 0 0x86
1658215509 10188 0 0x86
1658215526 10188 0 0x86
1658215542 10188 0 0x86
1658215559 10188 0 0x86
1658215576 10188 0 0x86
1658215592 10188 0 0x86
1658215609 10188 0 0x86
1658215625 10188 0 0x86
1658215642 10188 0 0x86
1658215658 10188 0 0x86
1658215675 10188 0 0x86
1658215691 10188 0 0x86
1658215708 10188 0 0x86
1658215724 10188 0 0x86
1658215741 10188 0 0x86
1658215757 10188 0 0x86
1658215774 10170 0 0x86
1658215790 10188 0 0x86
1658215807 10170 0 0x86
1658215824 10170 0 0x86
1658215840 10170 0 0x86
1658215857 10170 0 0x86
1658215873 10170 0 0x86
1658215890 10170 0 0x86
1658215906 10170 0 0x86
1658215923 10170 0 0x86
1658215939 10170 0 0x86
1658215956 10170 0 0x86
1658215972 10170 0 0x86
1658215989 10170 0 0x86
1658216006 10170 0 0x86
1658216022 10170 0 0x86
1658216039 10170 0 0x86
1658216055 10170 0 0x86
1658216072 10170 0 0x86
1658216088 10146 0 0x86
1658216105 10146 0 0x86
1658216121 10146 0 0x86
1658216138 10146 0 0x86
1658216155 10146 0 0x86
1658216171 10146 0 0x86
1658216188 10146 0 0x86
1658216204 10146 0 0x86
1658216221 10146 0 0x86
1658216237 10146 0 0x86
1658216254 10146 0 0x86
1658216270 10146 0 0x86
1658216287 10146 0 0x86
1658216303 10146 0 0x86
1658216320 10146 0 0x86
1658216336 10146 0 0x86
1658216353 10128 0 0x86
1658216370 10146 0 0x86
1658216386 10128 0 0x86
1658216403 10128 0 0x86
1658216419 10128 0 0x86
1658216436 10128 0 0x86
1658216452 10128 0 0x86
1658216469 10128 0 0x86
1658216485 10128 0 0x86
1658216502 10128 0 0x86
1658216518 10128 0 0x86
1658216535 10128 0 0x86
1658216551 10128 0 0x86
1658216568 10110 0 0x86
1658216585 10128 0 0x86
1658216601 10128 0 0x86
1658216618 10128 0 0x86
1658216634 10128 0 0x86
1658216651 10110 0 0x86
1658216667 10110 0 0x86
1658216684 10110 0 0x86
1658216700 10110 0 0x86
1658216717 10110 0 0x86
1658216733 10110 0 0x86
1658216750 10110 0 0x86
1658216766 10110 0 0x86
1658216783 10110 0 0x86
1658216800 10110 0 0x86
1658216816 10110 0 0x86
1658216833 10110 0 0x86
1658216849 10110 0 0x86
1658216866 10110 0 0x86
1658216882 10092 0 0x86
1658216899 10092 0 0x86
1658216915 10092 0 0x86
1658216932 10092 0 0x86
1658216948 10092 0 0x86
1658216965 10092 0 0x86
1658216982 10074 0 0x86
1658216998 10074 0 0x86
1658217015 10074 0 0x86
1658217031 10074 0 0x86
1658217048 10074 0 0x86
1658217064 10074 0 0x86
1658217081 10074 0 0x86
1658217097 10050 0 0x86
1658217114 10074 0 0x86
1658217130 10050 0 0x86
1658217147 10050 0 0x86
1658217164 10050 0 0x86
1658217180 10032 0 0x86
1658217197 10032 0 0x86
1658217213 10032 0 0x86
1658217230 10032 0 0x86
1658217246 10032 0 0x86
1658217263 10032 0 0x86
1658217279 10032 0 0x86
1658217296 10032 0 0x86
1658217312 10014 0 0x86
1658217329 10032 0 0x86
1658217345 10014 0 0x86
1658217362 10014 0 0x86
1658217378 9996 0 0x86
1658217395 10014 0 0x86
1658217412 9996 0 0x86
1658217428 9996 0 0x86
1658217445 9996 0 0x86
1658217461 9996 0 0x86
1658217478 9996 0 0x86
1658217494 9972 0 0x86
1658217511 9972 0 0x86
1658217527 9972 0 0x86
1658217544 9972 0 0x86
1658217560 9972 0 0x86
1658217577 9972 0 0x86
1658217594 9954 0 0x86
1658217610 9954 0 0x86
1658217627 9954 0 0x86
1658217643 9954 0 0x86
1658217660 9954 0 0x86
1658217676 9936 0 0x86
1658217693 9954 0 0x86
1658217709 9936 0 0x86
1658217726 9936 0 0x86
1658217742 9936 0 0x86
1658217759 9936 0 0x86
1658217776 9918 0 0x86
1658217792 9918 0 0x86
1658217809 9918 0 0x86
1658217825 9918 0 0x86
1658217842 9900 0 0x86
1658217858 9918 0 0x86
1658217875 9918 0 0x86
1658217891 9900 0 0x86
1658217908 9876 0 0x86
1658217924 9900 0 0x86
1658217941 9876 0 0x86
1658217958 9876 0 0x86
1658217974 9876 0 0x86
1658217991 9876 0 0x86
1658218007 9876 0 0x86
1658218024 9876 0 0x86
1658218040 9876 0 0x86
1658218057 9876 0 0x86
1658218073 9858 0 0x86
1658218090 9876 0 0x86
1658218106 9858 0 0x86
1658218123 9858 0 0x86
1658218139 9858 0 0x86
1658218156 9858 0 0x86
1658218173 9858 0 0x86
1658218189 9840 0 0x86
1658218206 9840 0 0x86
1658218222 9840 0 0x86
1658218239 9840 0 0x86
1658218255 9840 0 0x86
1658218272 9840 0 0x86
1658218288 9822 0 0x86
1658218305 9822 0 0x86
1658218321 9822 0 0x86
1658218338 9822 0 0x86
1658218354 9822 0 0x86
1658218371 9798 0 0x86
1658218387 9798 0 0x86
1658218404 9798 0 0x86
1658218421 9798 0 0x86
1658218437 9798 0 0x86
1658218454 9798 0 0x86
1658218470 9780 0 0x86
1658218487 9780 0 0x86
1658218503 9780 0 0x86
1658218520 9762 0 0x86
1658218536 9780 0 0x86
1658218553 9780 0 0x86
1658218569 9762 0 0x86
1658218586 9762 0 0x86
1658218602 9762 0 0x86
1658218619 9762 0 0x86
1658218635 9744 0 0x86
1658218652 9762 0 0x86
1658218669 9744 0 0x86
1658218685 9744 0 0x86
1658218702 9720 0 0x86
1658218718 9720 0 0x86
1658218735 9720 0 0x86
1658218751 9720 0 0x86
1658218768 9720 0 0x86
1658218784 9720 0 0x86
1658218801 9702 0 0x86
1658218817 9702 0 0x86
1658218834 9702 0 0x86
1658218850 9702 0 0x86
1658218867 9702 0 0x86
1658218883 9684 0 0x86
1658218900 9702 0 0x86
1658218916 9684 0 0x86
1658218933 9684 0 0x86
1658218950 9684 0 0x86
1658218966 9684 0 0x86
1658218983 9684 0 0x86
1658218999 9666 0 0x86
1658219016 9666 0 0x86
1658219032 9648 0 0x86
1658219049 9666 0 0x86
1658219065 9666 0 0x86
1658219082 9648 0 0x86
1658219098 9648 0 0x86
1658219115 9648 0 0x86
1658219131 9648 0 0x86
1658219148 9648 0 0x86
1658219164 9624 0 0x86
1658219181 9624 0 0x86
1658219198 9624 0 0x86
1658219214 9624 0 0x86
1658219231 9624 0 0x86
1658219247 9606 0 0x86
1658219264 9606 0 0x86
1658219280 9606 0 0x86
1658219297 9606 0 0x86
1658219313 9588 0 0x86
1658219330 9588 0 0x86
1658219346 9588 0 0x86
1658219363 9588 0 0x86
1658219379 9570 0 0x86
1658219396 9570 0 0x86
1658219413 9570 0 0x86
1658219429 9570 0 0x86
1658219446 9570 0 0x86
1658219462 9570 0 0x86
1658219479 9570 0 0x86
1658219495 9546 0 0x86
1658219512 9546 0 0x86
1658219528 9546 0 0x86
1658219545 9546 0 0x86
1658219561 9528 0 0x86
1658219578 9528 0 0x86
1658219594 9528 0 0x86
1658219611 9528 0 0x86
1658219628 9510 0 0x86
1658219644 9528 0 0x86
1658219661 9510 0 0x86
1658219677 9510 0 0x86
1658219694 9492 0 0x86
1658219710 9492 0 0x86
1658219727 9492 0 0x86
1658219743 9492 0 0x86
1658219760 9474 0 0x86
1658219776 9492 0 0x86
1658219793 9474 0 0x86
1658219809 9474 0 0x86
1658219826 9474 0 0x86
1658219842 9450 0 0x86
1658219859 9450 0 0x86
1658219876 9450 0 0x86
1658219892 9450 0 0x86
1658219909 9432 0 0x86
1658219925 9450 0 0x86
1658219942 9432 0 0x86
1658219958 9432 0 0x86
1658219975 9414 0 0x86
1658219991 9414 0 0x86
1658220008 9414 0 0x86
1658220024 9414 0 0x86
1658220041 9414 0 0x86
1658220058 9414 0 0x86
1658220074 9396 0 0x86
1658220091 9396 0 0x86
1658220107 9396 0 0x86
1658220124 9396 0 0x86
1658220140 9372 0 0x86
1658220157 9372 0 0x86
1658220173 9372 0 0x86
1658220190 9354 0 0x86
1658220206 9354 0 0x86
1658220223 9354 0 0x86
1658220240 9336 0 0x86
1658220256 9336 0 0x86
1658220273 9336 0 0x86
1658220289 9336 0 0x86
1658220306 9336 0 0x86
1658220322 9336 0 0x86
1658220339 9336 0 0x86
1658220355 9318 0 0x86
1658220372 9318 0 0x86
1658220388 9318 0 0x86
1658220405 9300 0 0x86
1658220421 9300 0 0x86
1658220438 9300 0 0x86
1658220455 9300 0 0x86
1658220471 9300 0 0x86
1658220488 9276 0 0x86
1658220504 9258 0 0x86
1658220521 9258 0 0x86
1658220537 9258 0 0x86
1658220554 9258 0 0x86
1658220570 9258 0 0x86
1658220587 9258 0 0x86
1658220603 9258 0 0x86
1658220620 9240 0 0x86
1658220636 9240 0 0x86
1658220653 9240 0 0x86
1658220669 9240 0 0x86
1658220686 9240 0 0x86
1658220703 9222 0 0x86
1658220719 9222 0 0x86
1658220736 9222 0 0x86
1658220752 9222 0 0x86
1658220769 9222 0 0x86
1658220785 9198 0 0x86
1658220802 9198 0 0x86
1658220818 9180 0 0x86
1658220835 9180 0 0x86
1658220851 9180 0 0x86
1658220868 9180 0 0x86
1658220884 9180 0 0x86
1658220901 9180 0 0x86
1658220917 9162 0 0x86
1658220934 9162 0 0x86
1658220951 9162 0 0x86
1658220967 9162 0 0x86
1658220984 9162 0 0x86
1658221000 9144 0 0x86
1658221017 9144 0 0x86
1658221033 9144 0 0x86
1658221050 9126 0 0x86
1658221066 9126 0 0x86
1658221083 9126 0 0x86
1658221099 9102 0 0x86
1658221116 9102 0 0x86
1658221132 9102 0 0x86
1658221149 9102 0 0x86
1658221165 9102 0 0x86
1658221182 9102 0 0x86
1658221199 9102 0 0x86
1658221215 9084 0 0x86
1658221232 9084 0 0x86
1658221248 9084 0 0x86
1658221265 9066 0 0x86
1658221281 9066 0 0x86
1658221298 9066 0 0x86
1658221314 9066 0 0x86
1658221331 9048 0 0x86
1658221347 9066 0 0x86
1658221364 9024 0 0x86
1658221380 9024 0 0x86
1658221397 9024 0 0x86
1658221413 9024 0 0x86
1658221430 9024 0 0x86
1658221447 9024 0 0x86
1658221463 9024 0 0x86
1658221480 9006 0 0x86
1658221496 9006 0 0x86
1658221513 9006 0 0x86
1658221529 8988 0 0x86
1658221546 8988 0 0x86
1658221562 8988 0 0x86
1658221579 8988 0 0x86
1658221595 8970 0 0x86
1658221612 8970 0 0x86
1658221628 8952 0 0x86
1658221645 8952 0 0x86
1658221662 8952 0 0x86
1658221678 8952 0 0x86
1658221695 8952 0 0x86
1658221711 8952 0 0x86
1658221728 8928 0 0x86
1658221744 8928 0 0x86
1658221761 8910 0 0x86
1658221777 8910 0 0x86
1658221794 8910 0 0x86
1658221810 8910 0 0x86
1658221827 8892 0 0x86
1658221843 8910 0 0x86
1658221860 8892 0 0x86
1658221876 8874 0 0x86
1658221893 8874 0 0x86
1658221910 8874 0 0x86
1658221926 8874 0 0x86
1658221943 8850 0 0x86
1658221959 8850 0 0x86
1658221976 8850 0 0x86
1658221992 8832 0 0x86
1658222009 8832 0 0x86
1658222025 8832 0 0x86
1658222042 8832 0 0x86
1658222058 8796 0 0x86
1658222075 8796 0 0x86
1658222092 8796 0 0x86
1658222108 8796 0 0x86
1658222125 8796 0 0x86
1658222141 8778 0 0x86
1658222158 8778 0 0x86
1658222174 8778 0 0x86
1658222191 8754 0 0x86
1658222207 8754 0 0x86
1658222224 8754 0 0x86
1658222240 8736 0 0x86
1658222257 8736 0 0x86
1658222273 8736 0 0x86
1658222290 8718 0 0x86
1658222307 8718 0 0x86
1658222323 8700 0 0x86
1658222340 8700 0 0x86
1658222356 8676 0 0x86
1658222373 8676 0 0x86
1658222389 8676 0 0x86
1658222406 8658 0 0x86
1658222422 8640 0 0x86
1658222439 8640 0 0x86
1658222455 8640 0 0x86
1658222472 8640 0 0x86
1658222489 8622 0 0x86
1658222505 8622 0 0x86
1658222522 8604 0 0x86
1658222538 8604 0 0x86
1658222555 8580 0 0x86
1658222571 8580 0 0x86
1658222588 8562 0 0x86
1658222604 8562 0 0x86
1658222621 8544 0 0x86
1658222637 8544 0 0x86
1658222654 8526 0 0x86
1658222671 8526 0 0x86
1658222687 8502 0 0x86
1658222704 8484 0 0x86
1658222720 8484 0 0x86
1658222737 8484 0 0x86
1658222753 8466 0 0x86
1658222770 8448 0 0x86
1658222786 8448 0 0x86
1658222803 8430 0 0x86
1658222819 8430 0 0x86
1658222836 8406 0 0x86
1658222852 8388 0 0x86
1658222869 8370 0 0x86
1658222885 8370 0 0x86
1658222902 8370 0 0x86
1658222918 8328 0 0x86
1658222935 8328 0 0x86
1658222952 8310 0 0x86
1658222968 8310 0 0x86
1658222985 8292 0 0x86
1658223001 8274 0 0x86
1658223018 8256 0 0x86
1658223034 8232 0 0x86
1658223051 8232 0 0x86
1658223067 8196 0 0x86
1658223084 8178 0 0x86
1658223100 8178 0 0x86
1658223117 8154 0 0x86
1658223133 8136 0 0x86
1658223150 8100 0 0x86
1658223167 8100 0 0x86
1658223183 8082 0 0x86
1658223200 8058 0 0x86
1658223216 8022 0 0x86
1658223233 8004 0 0x86
1658223249 7980 0 0x86
1658223266 7962 0 0x86
1658223282 7944 0 0x86
1658223299 7908 0 0x86
1658223315 7908 0 0x86
1658223332 7866 0 0x86
1658223348 7848 0 0x86
1658223365 7806 0 0x86
1658223382 7788 0 0x86
1658223398 7770 0 0x86
1658223415 7734 0 0x86
1658223431 7710 0 0x86
1658223448 7674 0 0x86
1658223464 7656 0 0x86
1658223481 7614 0 0x86
1658223497 7578 0 0x86
1658223514 7536 0 0x86
1658223530 7518 0 0x86
1658223547 7482 0 0x86
1658223563 7440 0 0x86
1658223580 7404 0 0x86
1658223597 7362 0 0x86
1658223613 7326 0 0x86
1658223630 7266 0 0x86
1658223646 7230 0 0x86
